1337148
1427990
3081143
3405291
3684345
3962550
4642443
8037687
8488836
9303246
9557695
11430237
12549972
13188491
15347459
16968679
17291057
17529813
19297665
19638580
19783000
21387001
21723170
23345221
23506656
23743680
23827272
24383034
24451073
25836632
31152741
31338794
31352094
32210684
32951729
33492146
33608909
33685443
33777549
34962939
35217241
35891083
35960758
36994209
37010217
37564332
37886847
38249855
42273269
43505785
43723492
45113135
45174474
47568507
49420254
54887952
59037252
59170516
59901776
60910175
62870252
63013560
63508542
64507944
64761902
65531557
66788766
67340527
69228494
69327317
70960873
71596415
72872633
74179117
74271136
75128411
75669554
76576974
76915444
77149295
77227063
77359074
77602147
77877481
80453671
80775672
82244272
83720615
87023702
89345013
89813224
90983906
92107260
92230017
92566253
92786299
93501119
94297638
94355516
94865948
95066014
95160672
95969279
96224900
97448594
98235829
98398439
99872328
99948181
100167355
100178316
100453224
103626476
106427413
106451656
106844188
107096192
107519909
108108129
109570784
110286898
110386984
111097558
111892363
111982851
113496588
114049227
114545243
117694319
117822075
118287179
119837899
120394461
123289655
123406784
124309314
125357699
125363707
125479756
125574692
125688511
127590121
127693135
128032911
128171759
130395697
130519629
131014704
131052258
131588004
131724819
135028665
136637799
137426255
137641478
138941757
139689571
139795189
141082609
142118730
143794017
144155279
145235633
145332233
146764103
147389515
147462292
147849545
148741587
150600078
150723589
152582021
153127678
153175468
154207440
155455049
155460863
156871773
157048419
158269930
158341596
158386080
159027931
159947807
161086431
161287286
161899860
162161973
166681313
166962109
168145765
169756316
170545874
170870788
171700977
173413190
173788553
174414592
176269938
178476441
180030862
180942419
181054779
181347798
182656787
183596515
184107838
184243986
184850265
186292111
187000262
187032378
187523862
187688337
188968315
189012646
189680254
191780149
192774658
192829513
193678237
193889652
195149849
195247017
197125064
197336498
197838102
198147764
198512755
200149478
201193843
201755448
203423098
205786109
206898457
207325585
207896640
208248359
209589549
210404735
211288522
212497942
212605148
213414967
213670325
213672318
213716649
214575496
214620761
214993794
215066509
217707986
217809592
218918084
221012503
222273113
224274150
224600874
227042750
227164891
230484717
232271499
232591647
233177933
234381606
234960011
235182941
236282352
237536319
238007346
238439740
238575955
239545610
240039838
241431723
241471044
241643676
241709607
242515628
242853646
242972969
243138501
243174692
243350450
244047103
244162884
244810188
244876184
245700497
245986517
247178524
248094903
248221625
248303873
248413513
249491895
252833992
253005131
254166628
255503632
256132409
257725242
258556596
258601235
258953373
261137779
263954258
264756195
264936909
265868596
266011234
267865048
268436201
268436998
268803630
269434102
273894325
274461875
274776910
275187247
275650910
276393933
276484040
276913669
277101980
278097231
280203705
281288727
281558779
282794599
285954956
286960047
287044611
287563652
287654897
288946455
289222448
291231746
291621514
294390736
295013213
298288114
299152522
299359187
299844502
300585234
301271773
301752344
304658007
304788126
306378748
306631982
307084161
307449867
307602808
308209404
308664026
308875043
310745335
312037499
312704399
314209676
314408806
315409545
318241940
319065447
319241039
319403219
323365266
323734078
324230331
325659120
327247393
328898810
330705307
331064782
332074928
332645656
333229488
334252012
334527181
335045226
335258991
337150544
337404806
342532167
342857382
342892978
344555631
344562786
345245189
345816611
345943734
348911389
349165430
349428872
349707381
350055317
351180054
351191857
351199723
351425617
352249534
352617537
352670297
354687062
354973923
355172874
355767571
358379023
358513669
359152381
359958158
360189022
360749595
362014829
362580860
363466900
363823256
363836109
363836810
364142092
365715091
366576379
367453009
367576961
368273214
369765313
370293446
370320883
370375284
371129472
374820785
375356805
377096035
377461073
378267318
378750940
379044398
379972650
381944412
383128571
383202149
383328589
385415278
386334246
387043984
387916429
388048128
388473445
390073716
390135268
392392718
392707150
393149600
394221506
394577160
395288609
396091370
396317591
396486967
397601507
398235883
401458429
401484159
401922017
402791849
406204341
406605664
407787198
408703601
408802421
409537748
410243265
410299974
410555192
410917069
412737506
412954432
413388603
413960752
414489847
415984803
416165286
416911823
416945876
417251008
417501823
419569039
420076008
420091873
421346141
421677593
421805445
423991965
424498123
424611493
425213960
425262710
425631124
426221341
426230837
426918497
428078683
428187649
428267276
429012345
431333701
432199288
434087359
435456866
435575038
435579133
435734583
436054237
436353237
436467388
437381989
437670539
437713070
438756437
438999450
439474180
440874048
441075364
441525059
442959353
443001092
443861486
446594797
447150381
447894018
448204659
449016004
449440309
449885314
451380184
452559326
454628646
455140370
458986643
459841775
459952436
461451400
462637793
462857935
463460878
464485908
464618512
464910421
466194053
468497738
470432293
470440580
470480258
471615876
472119551
472737069
472912438
475226450
475662118
477419184
478662104
478873766
480694994
480901202
481300311
481763087
482800079
483932144
484742382
487109584
488772253
489635265
491012127
491460816
491774596
492952408
494153230
494829339
494878118
495896008
496952598
498904302
499058240
499537600
500037318
500782892
500925688
501363980
502708917
503591188
505555278
505914238
506206246
506270781
506407143
506418215
507126478
508608586
509049275
510556348
510571043
510760254
510810744
512037571
513018319
513031331
513607611
513744409
514075279
514163350
515288568
515692530
516608645
517682299
518832980
520099124
520583819
520586969
520787429
521450360
521550356
522056381
524190363
524218483
525443771
525928813
526788274
527775658
530526602
532240405
533144794
533673334
533745511
534533309
535617818
536037538
536568107
538512607
538750263
539538878
543206434
544626371
545599220
545691572
546364760
546940694
547926321
550836730
552175598
552962567
554856219
554945655
554977481
554979264
555893456
556096428
557040731
561783897
561964708
563559224
564484284
565949769
567752273
568100377
568471938
568995091
569021516
569233182
572156577
572284400
572652768
573503412
574888953
574952211
575321242
575749505
576187002
576307864
579079424
579709928
579943066
580599451
582366929
583212225
583722643
586072958
586304887
590085281
590464167
590583796
593140636
593355107
593700183
595121115
596865723
597849143
599582027
600011623
602076351
602891499
604065484
604497183
604644091
605462147
606089857
606455593
606489253
606540184
607442714
607520444
610242206
611641051
612061405
616036966
618051743
618903792
619051866
619431204
621600078
622059891
622432545
623790537
624088128
625931637
628017403
628540163
628914326
629205537
631288239
631352839
632027581
632628966
633757405
634354008
635891305
636854533
638778103
639167611
639731639
640423946
641264463
643180507
643373474
644609863
645182086
645792762
645951813
647512542
647911992
648098979
648602027
649102460
650296697
651743228
652093528
653487312
653968805
654255612
654927513
655537624
655899294
656782508
657009808
658084376
658085570
659136679
660245735
660270525
660370716
660959580
663391186
664856070
665956152
666590863
666961654
667262911
667296109
669624960
670102939
672626331
673518817
674501595
674914353
674968002
678949614
680747674
681034287
681764499
682142354
683001695
683543251
685310279
685322482
685481392
685794791
686172120
686415300
686667551
687394309
687658808
687758083
688312802
689047331
690294581
690314077
690671961
693166574
695216374
696188503
699592813
700063331
701039468
702159544
702468705
703420337
703493004
705852380
710741203
711333130
711369228
711899864
713823103
714096912
714710593
714769832
714783553
715783590
718429182
719695293
720538601
720775883
720850174
723305602
724009778
724046247
724051381
727243804
727751324
727843395
728016883
728449915
729140329
730524699
730817213
731272275
731928086
732633620
734090721
734300810
734408969
735735651
736054594
736860515
736991133
737883286
738071309
738371278
739721501
741601956
741897139
742446456
742913759
742989124
744085393
745082529
746890168
747484340
749214907
751451133
751603138
754843768
755242374
755386274
758149497
758179973
758443148
759535994
761018878
761119340
761398557
761624856
762268417
763481192
764050520
764070979
764413340
766607294
766913061
768642785
769338039
769374399
770347957
772549127
772970296
772982458
773121903
773701929
774149566
775472269
775760779
776126479
776925067
777104986
777643814
780132052
784495037
785069562
787385563
788080486
788703936
788769642
791001537
791261829
791513798
793072876
793937290
795136010
795523611
796008393
796817892
798301092
799527968
799786783
799902758
801743104
802696066
805498686
807092313
808566494
808659689
809532470
809707859
809784075
811465631
812379625
813134999
814157550
817951268
818111601
818611653
819233709
819605189
821626188
823344067
823698446
825394693
827242886
830127020
830284612
831047369
832135286
832616393
833304772
833759253
835309756
836068869
836589706
836743254
836855034
836886869
837191288
838900895
841157362
842565845
842676065
842744492
843498012
843595224
845369521
845420215
846365620
848389825
849663130
850618100
853195224
854016748
854220667
855049682
855747049
856167890
856772438
857046528
857432248
858178379
858405800
858665253
859785235
859948378
861759972
862773832
862925172
866252823
867191143
868131271
868165921
868601730
868661190
869438160
871385168
872406829
874183729
874658777
874660914
874845210
875332637
876246156
876573560
878637126
878705410
878771564
880123544
880454789
881143111
882633248
885618862
887443658
888030977
889115115
889244728
889570818
890025125
890074355
890616124
891097401
891282740
891864641
891926328
892190156
894068029
894265525
894822756
895911469
895912843
897384033
897962928
899463600
900768753
901542808
902348550
902525074
903383481
903447410
904235883
904587501
904879441
905940376
909483844
909504408
909741366
910092506
910149028
911869252
911947043
912163600
915371361
915950402
915956998
916436882
920257813
921369349
921443889
923010926
923073643
924445420
924655992
924662353
924906242
926010885
926570005
927644533
928800751
932889871
933239884
933539423
934170250
934359167
935007638
936620187
937152968
937303083
937771957
938069639
938109515
939360241
940130696
944962763
945622004
945706249
948008618
950064805
951174283
953186994
954044779
954681739
956350922
956693560
957269131
958646851
958694324
958858879
959147653
960612965
960813061
961107761
961762939
962244745
962826996
962925211
966085517
966516011
966690276
966846582
968401915
969605475
970347468
970562012
970721838
970914299
973033117
973205969
973537820
973910641
974601916
974674141
974804784
975486934
975683197
975737068
976231895
976268105
976758811
977765154
978186739
978310093
978478950
979187348
980455439
981604223
982882690
983127944
983800587
984426989
985283375
985544037
985921881
986018990
986939350
987380034
988954104
989661362
989837594
990595044
992325232
995084775
995690131
995883472
996681263
997250459
997455185
997817633
998353657
998825897
998831930
999912634
1000559133
1001952230
1002935687
1005478307
1005718233
1006790870
1006992927
1007815264
1010808793
1011566914
1012616527
1014688609
1015275320
1016893988
1017370904
1019120117
1019263398
1019485647
1019522302
1020492181
1021107660
1021359482
1022591311
1022739953
1023189122
1024261381
1025149734
1027548330
1027802455
1028380022
1028449423
1028680629
1033326781
1033487409
1034008992
1034168751
1034261318
1034674556
1035644614
1037057825
1038849958
1039125736
1040564489
1040859070
1041001429
1043602822
1043791509
1044091397
1044279997
1045396263
1046775574
1047259187
1047447668
1048172637
1048651435
1049259726
1050026865
1050180202
1050374624
1050553179
1050673193
1051675205
1054446083
1055061465
1055595368
1055973479
1057220932
1057340985
1058528444
1059156893
1060678622
1060857529
1061749241
1062202195
1064312701
1064696149
1065349595
1066130205
1066354675
1068262449
1068930705
1069853114
1071898949
1072356973
1072361787
1072597924
1074155425
1074268342
1075579187
1077889514
1077991128
1079616409
1080259683
1080439825
1080489593
1080741502
1081164113
1081449859
1081608535
1081936080
1082048948
1083090522
1083314563
1085623138
1088401649
1088745315
1089069763
1089153742
1090506062
1090581651
1091585033
1091615642
1093275137
1093483316
1093989001
1094136868
1094474176
1094826848
1094847454
1094930416
1095243596
1095415305
1096534470
1097795482
1098103187
1098744878
1100748085
1100964856
1102317910
1102769778
1102791571
1104332191
1105461762
1105981435
1106339812
1107076043
1108866817
1109433033
1109555267
1110530634
1111047057
1111254318
1111850202
1112960718
1113052462
1113420059
1113877037
1115596885
1115715343
1117971132
1118647751
1118894910
1118924462
1119065462
1119087060
1119596345
1119949745
1120060083
1120693628
1122120152
1123043502
1124707709
1125925175
1127183112
1127716619
1128135433
1129390818
1129958372
1131555354
1132281317
1132436734
1134454003
1134601210
1135428334
1138244486
1138730091
1138816262
1138859309
1139023249
1139684608
1140635073
1140796891
1141914971
1142272213
1143433970
1145632253
1145848816
1147028878
1149355080
1149716471
1150291329
1150367743
1150710765
1153294097
1154862088
1155493910
1156691859
1158129704
1158910041
1159062156
1159642896
1160228695
1162032568
1163168560
1163954256
1164394523
1164711520
1166046805
1166910788
1166959503
1167011469
1167338213
1167356385
1170113682
1170264776
1170804092
1171239887
1173230420
1174004907
1174015583
1174068270
1174419312
1175011989
1175488109
1178049227
1178353199
1178381024
1178501960
1178553036
1179344308
1180600976
1181903836
1184076703
1184429723
1185162419
1185853122
1186706769
1187493089
1187950141
1188161356
1188418514
1192264862
1192929250
1193485544
1194436045
1195235704
1195784684
1196844067
1197258903
1198734366
1198810435
1199143715
1199733766
1200540573
1200732015
1200854622
1201147808
1201294422
1201482933
1204078822
1204600069
1205109145
1205794549
1207217932
1207575852
1207896897
1207984242
1208077989
1208213908
1209583718
1210886658
1212492404
1213332011
1213939594
1214498584
1214865535
1214977573
1215567183
1216103510
1216616267
1217381749
1217733770
1220375296
1220552698
1222383921
1223877374
1226282827
1226605926
1227703589
1228755076
1228886922
1231172518
1233248230
1233558354
1233808864
1233906122
1233918982
1234573950
1235220884
1235350357
1235500222
1235892835
1237083524
1237211589
1237470143
1238722029
1239873503
1240218291
1241332010
1241423619
1242394319
1243225665
1244113083
1244582020
1244604823
1246227060
1246609821
1247432188
1247984457
1248545069
1248802548
1249780932
1250322558
1251282354
1251294895
1252431422
1254228824
1254782525
1255317498
1255453053
1257588270
1257789242
1258373345
1258979264
1260077355
1260861890
1260937977
1261692870
1262502694
1262587306
1263198240
1264628060
1265689796
1266792587
1267240438
1267492202
1269702966
1270355700
1273823371
1273916142
1273939383
1274453682
1274757870
1275432750
1278044245
1279699026
1280030250
1280097512
1280126470
1280735271
1281467554
1284157823
1284388744
1284481873
1286537074
1286671157
1286780117
1286902168
1287272099
1287390888
1287486745
1287901660
1288530088
1288911769
1288945181
1289369253
1290516914
1290698779
1290810355
1292390633
1293863365
1296986625
1297290877
1297393326
1297988260
1298297197
1298352868
1298663190
1298862748
1299148727
1299892697
1302157085
1302699616
1304738906
1305019489
1305417466
1305648866
1305681050
1306102459
1308089391
1309898658
1310360364
1312382879
1313725513
1313973447
1314636575
1314936990
1316664359
1316882438
1317470436
1318465647
1318553627
1320082700
1320297107
1321129548
1321165240
1321435865
1324453681
1324638881
1325938871
1326454373
1326778426
1327003135
1327283167
1327739247
1328312616
1330197340
1330409946
1331158092
1331703355
1332983595
1333349631
1333838519
1335041312
1335764502
1335776453
1336801727
1338104031
1339677788
1340805570
1340995966
1341545873
1341771184
1342864902
1343891155
1345153773
1346358521
1348906358
1350669201
1351039799
1351468689
1351502310
1352638817
1353568145
1355219620
1357280916
1357283446
1358002311
1358260600
1358812801
1359263566
1359328746
1359383361
1360054738
1360689208
1361466569
1361949107
1362075421
1362518268
1362593551
1365603928
1366002604
1366566586
1367827996
1368414833
1368994637
1369000638
1370128728
1371119652
1371179696
1372073413
1372077904
1372270111
1372584589
1372792954
1374990713
1375264042
1375500479
1376264474
1377603774
1378074068
1378123665
1378750611
1379564138
1379671930
1382920921
1383192446
1383637065
1384935829
1385249066
1385490956
1388010809
1390498557
1392203885
1394805141
1395375082
1395492513
1395934228
1395982246
1396708467
1396718986
1398220668
1398302860
1398532024
1398801376
1399244222
1399561827
1399569577
1402111961
1402435268
1402549182
1403505637
1403561704
1404832977
1404850735
1405504111
1405748078
1406235070
1406404230
1407156548
1407904121
1407917735
1408459389
1409231168
1410906730
1411267721
1412515580
1414652801
1415570971
1416172656
1417359482
1417498384
1417985475
1418397907
1419029613
1420199178
1421582706
1422115143
1422724500
1423617715
1423977205
1424095859
1425137733
1425262689
1425765958
1426189427
1426499353
1427936461
1428055012
1428997473
1429006499
1429743852
1431286431
1431508005
1432312704
1433856325
1435631760
1436070146
1438598629
1438674503
1442142753
1442423889
1442977577
1443408217
1443737314
1444613056
1445200087
1446093471
1446461680
1447619696
1447820326
1448339143
1448755324
1449018382
1449269155
1449641472
1449741505
1450541437
1450931868
1451132570
1451134951
1453019026
1453759748
1454196446
1454481733
1455507088
1456134884
1456970984
1457013453
1457013969
1457424924
1459861631
1461345598
1461974904
1463428699
1467186302
1468415998
1469071195
1470358153
1470902995
1470985009
1472819117
1473973658
1474283710
1475060669
1475421084
1476432858
1476806430
1476816523
1476950681
1477400545
1479998118
1481039322
1481698657
1481791150
1482587121
1483643661
1483701907
1484170831
1484404820
1484411843
1486203325
1487069353
1487351451
1487505439
1487684167
1487731984
1488787173
1489019504
1489321982
1490007056
1491043511
1493931925
1495287978
1496942170
1496983965
1499555609
1502060435
1502741367
1503857450
1504423966
1505951088
1507585469
1509981670
1510534901
1511733085
1513009376
1513147894
1513221324
1513744408
1514829846
1515393475
1515558051
1516802456
1518242994
1518705144
1519209651
1519833993
1520080260
1521340281
1521340417
1523225760
1526851203
1528071566
1528935185
1529106521
1529230577
1530481781
1533501355
1534198398
1535145157
1535456440
1536860914
1538333920
1540645104
1541064507
1541100039
1542165026
1542193374
1542355559
1544011838
1546678395
1550674226
1550896326
1551022522
1551682199
1551817201
1553062586
1553559792
1554625605
1556454968
1556494438
1557705905
1557831054
1558145277
1558472526
1558957082
1559885136
1563157667
1563361004
1567158006
1567900427
1568733416
1569260745
1570113311
1571460654
1572687561
1572770349
1573096048
1575654752
1575686104
1577029681
1577152791
1577814405
1578740819
1580092141
1580384537
1580521397
1581165473
1582107157
1582687311
1583116609
1583426407
1583737958
1584428754
1585624908
1587163373
1587712202
1589167659
1589542883
1589697588
1590566508
1593431182
1594134328
1594302236
1595619199
1595902213
1598232566
1598701920
1599389755
1599976588
1600660375
1601330198
1601605301
1602062893
1603111174
1603250488
1603486520
1605479957
1605681446
1606087959
1606507542
1608113663
1610028719
1611621834
1612435046
1612775367
1613512664
1613888552
1614550660
1615208032
1615390053
1616713181
1617551308
1618979828
1619755416
1621840288
1621991430
1622640070
1623366215
1623589611
1624936163
1627638800
1628737785
1628905180
1629717726
1631022824
1632526747
1634419462
1634894116
1636282333
1636435417
1636984779
1638528258
1638965068
1639465301
1639583995
1639928185
1640900814
1641601165
1642629262
1643634507
1644753320
1645156435
1645389729
1645715850
1647883341
1648188867
1648219824
1648339835
1650871103
1651239763
1653408071
1653650674
1654082862
1655451928
1655676998
1656059945
1656618330
1657003103
1658591006
1658944104
1658999801
1660114903
1661469017
1661582457
1662388452
1662635157
1663377189
1664362888
1666380162
1666501367
1666529085
1666989676
1666997985
1667569043
1668648707
1668662315
1669861077
1671486749
1671813566
1672514793
1672605994
1672656385
1672934755
1673544796
1673545529
1675055620
1675386762
1676491135
1678016335
1678795933
1680119400
1681490717
1682179869
1682268391
1684639894
1686864212
1687747790
1688691158
1688958544
1690260310
1690520385
1690687175
1692408684
1694569074
1695156315
1695658952
1696112330
1698443625
1698574365
1699253605
1703267220
1703426444
1704034269
1705190391
1705842131
1706870557
1708426560
1708968964
1709017285
1709260272
1711315283
1712098324
1712599111
1713728247
1714661525
1715884512
1716449732
1718135788
1718382026
1718887408
1719737789
1720120924
1720706384
1721141083
1721645725
1722701442
1723362526
1726486031
1726966373
1727392146
1727526486
1728416086
1728975041
1729037239
1729604892
1732376746
1733124073
1733823005
1734266137
1734898343
1735345073
1736569354
1737911110
1738904245
1738976553
1739741393
1740963430
1742503271
1745462082
1745845522
1746174461
1746782254
1746853447
1747359458
1748646328
1748750197
1749012994
1749771085
1751322444
1752828493
1752844330
1753901451
1754161595
1755096885
1755676279
1756095686
1756209279
1758298617
1759035358
1759268902
1759329833
1760471433
1760646096
1761701806
1762959173
1764892758
1765750532
1766240643
1766713730
1769214438
1772200000
1772223310
1772815916
1776160116
1777060614
1778314987
1779160933
1780747699
1781707744
1782155048
1782863930
1783763194
1784276247
1784709448
1786256795
1786303786
1786576939
1786606157
1787142745
1787149265
1788650227
1788838935
1792017917
1792027509
1794486192
1794535734
1794790133
1795375630
1795572276
1797202001
1798348827
1799535084
1799552799
1799855414
1799955518
1799986916
1801513556
1801860599
1802900451
1806083909
1806089828
1807395269
1808144991
1811270306
1811902001
1811977129
1812536293
1813368475
1813497786
1814374401
1814715836
1814944986
1816026021
1817196612
1817812856
1819262102
1819717988
1819720284
1820514953
1821384840
1821714778
1821968302
1821986963
1822015064
1823511894
1824251267
1824630680
1825315736
1825693998
1827975985
1828328082
1829198843
1832117114
1832926782
1833202739
1833808253
1834296578
1836029616
1837172389
1838088877
1838701830
1839017275
1841899369
1843295707
1843829929
1844200893
1845546607
1845557627
1845735619
1846460319
1847153385
1848559167
1849434774
1851547881
1852219327
1853376909
1854537338
1855948980
1857140452
1858034569
1858082555
1858559266
1859683232
1860296641
1860459136
1861124757
1861607027
1862849037
1865672725
1866106412
1866620792
1866653684
1867942284
1869138174
1869218086
1871498530
1871734175
1871910504
1872185778
1872540602
1873493315
1874562596
1877757985
1878049542
1878630445
1879184786
1880155671
1881039099
1882519452
1884735103
1888054831
1888930876
1891463837
1891990731
1895843395
1895891562
1896643617
1897998345
1899697215
1902096986
1904846483
1906989621
1908312844
1908826317
1909894057
1909898798
1911270134
1912226855
1912593433
1913324326
1914875971
1915213698
1915855536
1916021682
1916176823
1916534117
1918097441
1918383080
1918507078
1918670056
1919081579
1921021709
1922331104
1922432883
1922566797
1923461477
1923477441
1924160527
1924261199
1924558119
1925658486
1926418205
1927860287
1930968438
1931145763
1932819147
1933522829
1933758329
1934056003
1934286441
1934307643
1934434684
1934577216
1935145830
1935190740
1935311980
1935558389
1935570431
1936077169
1937860321
1937918035
1938758221
1939730196
1940249648
1941357800
1942351616
1943095659
1944035104
1944912001
1945854538
1946810360
1947557586
1947615272
1947940495
1948236979
1948376604
1949063163
1949638618
1949806897
1950844905
1951057045
1951397216
1951737035
1952221488
1952671816
1952864716
1953047362
1954429448
1954443447
1955895270
1956260544
1956354801
1956645123
1957803068
1958890996
1960754613
1965972497
1966600586
1967207487
1967316838
1967656857
1968238170
1968260379
1969443135
1970117339
1971095543
1971568108
1972774918
1974017541
1974403335
1974897075
1975892782
1977318835
1979041119
1979485465
1980388443
1980480823
1980825545
1981547588
1981824499
1982948707
1983509423
1983719664
1983772776
1983844053
1983921053
1984637877
1985190326
1986230749
1987167482
1988377231
1988600264
1988744105
1988746575
1988950420
1990242169
1990391161
1992737636
1993270117
1993284484
1993975236
1994506413
1994851619
1995038470
1995130966
1995525295
1997034166
1999989696
2000296398
2002083883
2002604131
2005256245
2005432547
2005447383
2005453819
2005700719
2005994767
2006215438
2006735738
2006817033
2007119008
2007407245
2007731280
2007740956
2007883791
2009405901
2010298141
2012096232
2012862984
2013489604
2014143820
2014372748
2014756042
2015290986
2015451238
2016799073
2016924942
2017626711
2020073986
2021700660
2023767789
2024922127
2025512756
2025635095
2025951629
2027358305
2028664731
2029214919
2029921721
2031051534
2031762958
2032081846
2035516236
2037711460
2038526782
2038785047
2039790511
2041505332
2042037538
2042852422
2044093645
2045029701
2045320582
2045426936
2047608876
2047782730
2048421292
2048421672
2049154063
2049407492
2049652226
2050010703
2051946216
2052245527
2054233586
2054528033
2055394241
2055420075
2056104029
2057415317
2057930448
2061176219
2064505694
2065150457
2065909668
2066493149
2067986647
2070706111
2071479343
2071906078
2074387519
2074477369
2075255499
2076992321
2079316182
2079871441
2080055650
2080253028
2082180827
2083894274
2084051379
2084480380
2087348412
2087504461
2089540502
2090473285
2091127804
2091365485
2092955923
2093426268
2093936965
2094667831
2096473926
2097582646
2097893686
2098857794
2098933716
2099184517
2099745547
2100377557
2101374522
2102414998
2102902140
2104189188
2104209953
2105978810
2106069237
2108428145
2109772651
2110831827
2112508779
2112985648
2114102148
2114864107
2114954884
2115707827
2116660569
2116795403
2119163619
2119192145
2120002820
2120353111
2121195012
2124089153
2124964027
2125840403
2126374528
2126728708
2127052002
2129721781
2129730537
2129998670
2130755809
2131242877
2131869409
2135025135
2135157774
2135264994
2135630393
2135637056
2136454147
2136979279
2137952120
2138225606
2138290842
2138742497
2141090386
2143463481
2144262649
2144346727
2144823705
2145660051
