32726
134447
1173019
1622979
1755015
2193468
4009744
4684436
6388345
8727304
10225783
11297631
11478134
11717583
11847734
12535919
13581830
13645159
14398293
15398719
16165443
16749770
17115159
18519278
19750574
23824541
24091995
24298169
24503699
25640311
26009342
27787919
28863913
29653562
29930354
30673268
30911714
30950737
31107093
31587735
31853450
32381768
33259198
34746594
34795475
35218831
35569127
35687672
36179930
36683858
37281202
38416499
39675519
40354293
42981488
44309257
44955227
46781985
48519869
50733269
51039006
53189699
53923623
53971513
55809439
56311211
56458644
57063527
57705074
58968605
60330903
61321348
61876686
64907705
64911283
65325683
65591260
65800009
66060137
66230651
67208724
67994280
68025103
68420730
68801090
69653063
70690727
71279433
71952693
73170483
74143641
74582346
74914009
76979522
78045736
78077782
78338785
82107687
82756732
83139967
83361891
85243240
88441189
89440473
89514836
91761543
92791401
93317770
93657345
94283836
95179585
95421275
95524721
95697841
96141881
96859241
97033055
97455317
97533388
97769949
98445721
98904499
99764901
100182965
100244167
100754461
101358821
101483467
102852458
103381356
104852379
108096951
108315868
108860700
109154896
109177234
109650151
109734593
115041673
116318767
118563192
118837120
118983784
119537298
119608247
120278303
121551432
121745407
122391273
123184026
123879102
124269697
124600737
124665040
124704232
125387848
126473475
126703412
126870453
127275621
127361729
128272250
128497833
128699286
129283582
132167911
132381237
133217741
134325164
135112556
136417074
136984634
137075957
137517575
138971269
141421063
142763902
143649287
144475492
149781331
150425886
151342761
152076588
152529875
152557115
152927149
155302559
155986040
156898928
158376465
159009380
159031805
160096383
160392208
161354878
162063018
162872177
163694185
164047930
164126085
165244388
166840862
167749680
167886416
170611761
172551686
172689687
172875407
172895245
172985835
173581020
174346183
175997360
177344954
177404858
179301141
179465789
181947332
182034156
182072326
182836229
183134875
183665833
184263123
184966188
187448430
187635180
187819890
187873757
188741809
189812644
191820550
192112823
193404220
193620832
197041497
197575066
198188571
199544139
199592561
200021848
201724159
202556295
202606228
202897569
203462853
204210568
204960946
206948559
208734687
209284517
210327077
210329428
210637757
211090328
211816339
212009876
212645871
216195727
218072698
218397061
219420145
220886817
221132120
222709333
223784292
224052917
224952119
225121372
225176961
225653343
225904345
228418698
228474490
228682563
229467583
230336992
230436455
230992453
231456437
231724921
233264696
234035172
236355141
237898992
240963580
242054463
242410529
243728910
243884997
244376253
245307770
245638193
246949471
247583767
248549823
249399859
249468258
250765882
253758657
254799245
255231708
255243870
255395758
257023857
257055542
257349257
261146129
261367689
261767008
262494405
264116041
270125050
270369421
270476970
270894661
271537441
271600368
271686358
272807504
272833863
273517137
273519971
274921204
275573335
275857075
276558970
277055205
277714102
278196114
278395923
281161312
281724727
282320052
282630565
282751064
284198710
284252726
284693626
284706477
287195546
288576944
290215715
290310322
292338593
294245709
294383598
295534146
297990809
298057533
302734434
302905160
303038408
304054336
305190437
305872821
305899556
305955779
307713654
308710278
309885653
311057686
311527738
313111756
316546397
316783102
316836933
317312535
318489471
319339549
319653179
320621983
320794499
322201719
322206784
322701684
326627572
326643414
326749238
327737977
330110038
330755582
330904501
331987620
332374031
333369245
333738435
334471329
334559676
335408409
338095069
338228586
339243748
340498790
340873787
342580654
342811965
343467046
344856562
345113326
345304710
345608257
345996077
346722336
347637335
348463116
350223140
351083026
351910871
355013308
355066473
355442994
356945263
357571757
358130194
358389985
358450678
358902598
359229171
359455367
361706990
361924117
362003488
364876213
368109510
369241560
370199102
370789307
370992794
373458035
374645093
375795556
376641319
376819679
376848448
377870028
378313223
378651534
380099639
380647167
381357323
383164652
385024236
385309711
386374843
386729955
387857883
387941096
388017035
390887494
391656650
391803671
392180996
393726304
396918579
397010641
397697647
398554755
398645603
398900913
399042989
400257794
400364615
402418761
405088362
406779253
407792286
408376908
409666140
410658455
410852307
411912877
413857680
414370723
415042284
416171104
416896851
417404975
417701119
419124303
419575744
419882226
421189470
421895577
422218355
422243562
426336552
426514441
426550359
429222442
429358637
429458440
429862245
429983318
430176275
431371602
431950981
432454786
432959936
433103506
433204218
434121270
434835974
435169953
435189703
436150427
436482390
437910169
438420093
439090857
439287012
439671527
440325513
441946822
442426142
443566608
446080874
447945704
448037715
453548874
453755294
454451466
455523635
456074922
457826806
457933608
458029614
460816843
463236116
463721575
465865253
466376202
466632817
466766399
468055256
472501198
472925578
474678433
476442567
477673616
477750297
478104673
479677926
481246248
481871547
482975660
483031496
483114568
483734867
486331526
487885469
488220495
488715786
488732758
491896178
493571315
493940567
494256303
496078380
496889616
497560406
498348087
498766180
501393951
502256465
504925349
505400887
505842745
505998463
508702435
510205650
511502008
513513128
518428861
518867749
519542853
519967446
520252124
520788640
521229005
521396314
522550373
523265854
523362237
528625216
531467774
532059499
533057953
533898868
535539949
537290607
537758285
538025045
539366624
539513380
540712745
540769456
541251313
542427363
543486871
543953100
544472017
544877799
545371783
546362161
547660711
548004726
549403136
550491524
551866468
552039809
552112941
552910531
553096854
553464881
553580528
555165135
557545839
558034640
559169398
561006317
561080138
561628286
562180478
562375241
565540237
565824489
566468559
566949916
567945097
568380721
568476583
569029440
569800432
570362704
571748500
572502522
572526908
573954699
574336337
574728521
574753053
574834831
575107342
576017183
576300139
577898984
578109796
580596681
581749261
581918339
582322571
583099491
585419962
586110319
586447295
587290557
587324640
588000071
588234829
588379054
588538037
589322180
590684277
591047523
591680458
592060863
593270004
595303415
595712810
595789119
595890955
596219227
597910543
598921302
599342092
600112693
601083029
602524084
603176695
604303708
604471196
606188722
609167872
609212064
609282877
609630709
610947449
612311135
612681423
612985438
613174083
616017280
616265668
617914790
618007454
619763177
619940194
620670003
621317638
621666283
622405344
622620361
623341340
623403362
623758095
624681063
628441950
628471449
628524125
628879237
630618420
630620556
630751846
631973113
632087454
633287414
634555127
635047344
635738412
635851105
636915670
637046549
637473386
637845403
639294054
639588392
639657807
641783639
641931013
643038396
644330258
644517408
644722135
645514658
645556586
647258548
649088788
649492795
649967919
650539855
650792983
651137056
651507199
653558280
655481867
656779052
657000044
657217746
658142443
659085156
659304650
660079167
662202123
663377067
663573795
665877714
665997746
667037632
671094340
673258632
673341519
673728155
675573107
675986953
675988101
676110443
676155665
676414755
676665768
677157650
677235495
677820199
678751219
681612932
681981488
682152711
682626144
683183875
684684361
685191691
687194459
687603422
687790652
687826080
689202928
689315039
689550779
689768873
690186468
690714505
692180096
693014000
694553200
695306112
697365961
698248571
700460194
700580030
700630336
701615203
702132552
703484875
703804041
704906493
705173815
705534018
706650017
708091577
709441886
711892988
712637783
713801325
714231261
714269849
715541507
715723487
716252854
716540548
716719347
716806316
719176758
719407053
719516625
722060201
722072964
722151019
722311567
722391794
723346575
723414752
723867529
725884107
727072889
727216590
727339751
729910298
730134123
731119946
732416189
732441270
738696864
739083896
739334775
739353098
739891105
740354962
740551754
742286950
742617168
743305348
744218426
746007977
746159883
746671114
746984329
747024456
747255960
748343469
748828053
749292813
749588276
750129247
750657662
752072349
754305627
755592395
756101828
758544219
758587107
758672603
759110066
759145506
759501600
760169326
760665372
761259764
761710627
762656928
762829614
763383359
764656308
765276003
767654888
767894318
768361772
768964313
769526213
769713155
771887631
772722294
773392514
774607302
774642340
775222466
775246667
775729985
775875453
776452190
777156448
777448700
777664790
777778590
778426289
780327840
781073071
781475466
781533900
783733409
785272274
785551568
786002399
786044395
786099846
786176770
787180767
787236154
788002498
788248067
789571084
789831138
791100166
791368889
792408594
793119592
793386398
794298046
794337026
794379838
797308334
797349375
799049969
802425352
803180796
803602279
804207704
804294327
804945805
805499332
805779614
807182736
807462583
807734635
808842133
809876912
810388039
810745660
811747813
811810232
812278019
812735203
812925479
813336751
813680582
814560314
815942850
816795833
818154560
819071339
819456245
821328636
821411929
824237367
824324649
825034798
825442041
825547220
828493080
829067069
829699830
829736775
830022458
830028385
831074870
831177800
831511800
832393129
832412187
834416261
835607706
836190914
836297210
836881877
838608145
838811163
838945072
842993593
844690760
845850779
847350280
847766329
848358169
849705784
850359969
850459194
850525101
850638109
850977755
851565307
852263799
852355172
852418548
852568046
852934804
853919998
855768102
855929907
858916200
859698036
860818499
861478956
861509730
861776723
862226086
864401448
864568840
865728144
866387193
867923643
871046804
871506504
872401652
872659644
873170046
873391957
873559476
873951405
874196419
874656497
874845901
874889985
877351577
877379806
877381463
877849758
878264285
878591483
878810053
879417999
879890247
880204626
882026223
882349938
883189927
883474132
883563554
883636519
884337299
884527943
886019527
886894932
888283504
891146479
893115581
894159299
894895399
895003426
895368618
895680064
896220599
896227439
896411242
896864080
897578297
897596945
898117567
898644387
899049965
901159449
901527553
901528615
901935559
902582397
903367888
903415877
903955903
904143110
905571166
906430984
907071431
907349964
907519483
907822094
910374521
911591333
912527638
913305207
913633527
914492408
917801930
919284326
919548244
919872910
920432110
921318001
921345712
922172747
922660451
924016063
924272688
924500505
925242595
926284197
926398065
926484946
926884797
927731466
929001249
929273426
930066631
934215830
934425514
935019874
935526871
936071386
937023232
937054323
938777794
938986971
938997409
939344013
940410053
940730490
940799532
940917237
942485575
942783289
942886866
943030985
943865039
945183177
945534460
945611888
948871183
949806872
951553215
952445854
953233429
954122948
954447377
955535542
956186968
956606348
956693488
957744668
957984273
958996470
959896464
960113104
960167433
960556809
961766960
962185205
964127967
965268661
965543469
965823539
967518667
968404064
968414667
968843810
969623544
970279495
973297957
973570452
974277031
975910765
976924161
978062530
980683982
981572417
982455378
983079854
987463988
988019087
988419754
988929691
990217459
992187715
992863680
994147174
996479885
999312114
999703968
1000468140
1000580429
1003201480
1003687362
1003927664
1004153593
1005754955
1006334174
1007821156
1007826721
1007846005
1008041358
1008261561
1008914454
1009854234
1010127103
1010178892
1012268266
1012351766
1013220532
1014712903
1014999946
1015106389
1016812314
1016878652
1017233974
1017839593
1019012811
1021214366
1023580758
1024834864
1024842502
1025402930
1025849202
1025906734
1025910218
1026001928
1026443721
1026766688
1028296953
1029325354
1029495798
1031418319
1031937582
1035290186
1035762673
1036217992
1036306618
1037614237
1038022707
1038239447
1038458974
1039041494
1040648757
1041279246
1042226609
1042432165
1044817454
1047117243
1047309171
1047342840
1048446058
1050455927
1051303072
1052399422
1053778263
1053837447
1055724109
1056003162
1058186308
1058997630
1059515042
1059681125
1062137298
1063384178
1063892371
1068374550
1068843142
1069258984
1070984830
1071000379
1071869820
1072225226
1072638789
1073193568
1074024645
1074505264
1075161186
1075983024
1076127142
1078072708
1078104448
1079359475
1081072080
1081142416
1081385417
1082188548
1083411829
1083818624
1085669387
1090400684
1090975985
1091056114
1091696211
1091871347
1092958679
1093556204
1094469049
1095175337
1095351065
1095793775
1097099419
1098735280
1099372756
1099472520
1100632593
1101830970
1102847283
1103220562
1103316134
1103351621
1103674933
1105585279
1106074477
1106615556
1106858167
1106906708
1107310413
1107535620
1108082265
1108178597
1108761374
1109236878
1110436027
1111560329
1111834639
1112025739
1112457696
1112727637
1113995864
1115727545
1116385414
1116832518
1118033636
1118711912
1118803097
1119566005
1120096192
1121245654
1121799757
1123542777
1124103493
1124821407
1125114448
1125148967
1125997497
1126178174
1126201758
1126297878
1126561827
1126786575
1127703986
1127807488
1128554013
1129888430
1130155488
1131220057
1133536909
1134508701
1135467929
1136937348
1137325252
1138566307
1139836192
1140130715
1141226848
1141303453
1141683683
1143610379
1143998688
1145245620
1147384530
1147650494
1148930062
1151213420
1151492518
1152508284
1154189643
1154247272
1155276788
1155396450
1155501107
1155828524
1156039455
1156279993
1156780555
1159391692
1160742553
1160749732
1161826616
1162041267
1162274248
1162441354
1162532683
1165259961
1166711089
1167088430
1167594769
1168323801
1168936678
1168940944
1169665044
1170368115
1170756618
1172439112
1173953301
1175213403
1176450584
1178084155
1178539592
1180084874
1180636999
1181765531
1182705602
1183432323
1187140193
1187695402
1187947854
1189340516
1190168812
1191148182
1192523287
1192773361
1193239158
1195038822
1196440510
1196448764
1197977252
1198677360
1199329795
1200020583
1200347247
1200696559
1201209079
1201663947
1202922711
1202993408
1204337907
1204846741
1205327180
1205596376
1206708125
1207842839
1209641061
1209996915
1210116491
1213217554
1214024414
1216629619
1217629666
1218037499
1218560036
1221019127
1222435473
1223256350
1223468148
1225105947
1225534561
1226592205
1228519776
1229169357
1230019628
1230519030
1231427589
1231900622
1234439022
1234547775
1239891784
1240741955
1242857839
1242950325
1243342472
1244158571
1245229462
1245782071
1245912706
1246672790
1246984795
1247615685
1250284238
1251723583
1252570849
1252867181
1253698940
1253716106
1253928646
1254134879
1254465504
1256186119
1256733471
1257143190
1258195223
1259257398
1261172291
1263886345
1264058815
1264268644
1264919745
1267192893
1267763872
1269071955
1271028780
1273387275
1273673397
1273774905
1273777624
1274484982
1274785180
1274894361
1275093721
1276231914
1277685806
1278671215
1278686916
1278875757
1279585859
1279744518
1279971253
1280154273
1281441377
1282477304
1282664634
1282981049
1282989196
1283066954
1284437757
1285681522
1286783239
1287387979
1288680041
1289489258
1290822631
1291736440
1291881813
1292645370
1292661638
1292840549
1295529851
1296111702
1296923617
1298004033
1299179202
1299377310
1299408426
1299549148
1301838403
1302216621
1302246278
1302274894
1303560181
1303744614
1304154565
1304689717
1304871775
1305325988
1305512938
1306045849
1307623075
1308470080
1309108681
1315287686
1315522392
1316725316
1318979472
1319332957
1320031802
1321853359
1322323720
1324785971
1325018069
1326205657
1326525400
1327047688
1328121306
1329932743
1331184232
1333203755
1334927735
1335324515
1335496837
1335948114
1336423884
1337412745
1337885059
1338307979
1339137346
1339961719
1340097670
1342563212
1342898636
1346962316
1347087396
1347861570
1347994642
1348088587
1348938999
1348987099
1349310846
1349701105
1350560626
1350933866
1352871295
1354265150
1354472256
1354690960
1356289046
1356668028
1357545059
1357855405
1358375965
1359529399
1360186565
1361247264
1361486346
1363096399
1363158778
1363903547
1364332619
1366478885
1366772343
1369468220
1370593308
1371029376
1371190186
1375130284
1375599648
1376700256
1377507674
1377699853
1379380819
1379441112
1379613221
1379701372
1379769128
1382075392
1382304847
1382778886
1383392603
1386470521
1386538106
1386568752
1386758094
1386980740
1388193587
1388441744
1388605099
1388796637
1390277201
1391996742
1392953951
1393218122
1393283474
1396171985
1398975474
1399067541
1399238759
1400391141
1401980798
1403184749
1404362101
1404399503
1404591239
1407496094
1407842937
1408166600
1408525067
1408857550
1408990865
1409861716
1410596493
1410915813
1412236245
1413723016
1414032318
1414383564
1415021530
1415688727
1415731337
1416456073
1416921662
1417982146
1418344955
1418781916
1421063069
1421378999
1423105807
1424620965
1425722156
1426094253
1427787997
1427934219
1428456623
1428654029
1429323597
1429570680
1431902460
1432606921
1432859771
1435889619
1436919351
1437896000
1441218756
1442641731
1443056066
1443739696
1444857108
1445599924
1445871729
1446453111
1446537359
1446663230
1447103723
1447812774
1449455309
1449818545
1450307433
1450449990
1450828687
1451255823
1452935418
1453030635
1454262015
1456124820
1457639891
1458264226
1458619220
1460032050
1460651217
1460737035
1463296663
1467245118
1467789673
1467997018
1468503718
1468857684
1470940281
1471351384
1471568930
1472245610
1472641295
1473165595
1473500230
1475462427
1475669573
1476150481
1476219811
1476752196
1477806001
1478087923
1481155264
1481249768
1481278331
1482093342
1484695670
1485379783
1486352602
1486442523
1488034703
1489404402
1489752302
1490370966
1491562888
1491802129
1492067859
1492098552
1492616990
1493143172
1493898924
1494696404
1498901857
1499645133
1500056321
1500255745
1500286433
1500320994
1500438496
1500516792
1501487936
1501522190
1503476964
1504081157
1504529864
1505834061
1506073554
1507380034
1507787667
1512106140
1512449545
1513373172
1513623119
1513824536
1514440119
1514599770
1518020352
1519552121
1519821108
1520101895
1520321547
1520667755
1520880267
1521073790
1521366122
1521504498
1522060136
1523003968
1524162208
1524603656
1524774835
1524994950
1525465155
1525791844
1527292354
1529476691
1530982492
1531204510
1532767383
1532820200
1533251442
1533545372
1534622271
1536027658
1536603693
1536823004
1536891668
1537253139
1537651952
1537858814
1537979884
1538358177
1538800645
1538904218
1540514525
1541542257
1542637562
1544085357
1545294572
1545325628
1545426566
1545724667
1546801030
1546933348
1547826087
1548700934
1551339907
1551944781
1553618785
1555247935
1555814232
1557292581
1557427755
1557911305
1559135281
1559740811
1559746425
1561554745
1562786971
1564494446
1564731457
1566699290
1566862634
1567122624
1567578446
1569259025
1569447811
1570311138
1570332835
1570714396
1571640599
1572356360
1573155585
1574835482
1577569682
1578161577
1578432572
1578910641
1579012343
1580835715
1582179991
1583642163
1586697093
1586763146
1587667182
1587918010
1588048165
1588145498
1588846663
1588934300
1589449920
1590449024
1590650987
1591289698
1591470486
1591973524
1592943420
1593478613
1595443547
1595914369
1596167381
1597263068
1597478643
1598331058
1599187264
1599384189
1600170029
1600175307
1601500988
1603653047
1604163985
1604755021
1604886192
1604937906
1605611415
1605921166
1606221824
1606264156
1606730857
1606887818
1611452380
1611686194
1611909599
1612319558
1614028690
1614195641
1615162909
1615259851
1618797998
1619266151
1620189944
1620356421
1620931749
1621087550
1621394601
1622170494
1623378414
1623838042
1624727295
1625023962
1625934838
1626874862
1627140690
1628451106
1629041507
1629114534
1629446334
1629571868
1630495861
1632206314
1635069796
1635429692
1635781016
1635984673
1636176415
1636212436
1636951397
1637301612
1637303045
1637483105
1637765682
1638590584
1639518001
1640040916
1640129241
1640386764
1640896763
1641599447
1642370308
1642986729
1643262102
1643465609
1645510167
1646948208
1647115832
1648082403
1648689268
1649257553
1650895386
1652206776
1652267901
1652967936
1653369802
1653663771
1654364059
1655183810
1656490574
1656558317
1656595405
1656715392
1657560181
1657624465
1657629426
1658171274
1658859903
1659678364
1659720378
1660018503
1660771663
1662674931
1663128827
1664843009
1665812819
1665832315
1666100439
1666133603
1667426078
1667579016
1667888401
1669179194
1669498493
1670224612
1670976458
1672215292
1672430641
1673769679
1673777361
1674413260
1675313038
1675702249
1676254231
1678034531
1679948753
1680287296
1681045992
1681515522
1681826376
1682023940
1682522365
1682641688
1682841160
1684512661
1684688295
1685229608
1685358230
1685413540
1685727758
1685765141
1688202575
1689143845
1689226028
1690298826
1690776460
1692066318
1692897862
1693101422
1693174344
1695772605
1698276483
1698464985
1698707538
1701336493
1701465574
1702558137
1702884432
1704689409
1707137626
1710432136
1710777266
1712093754
1712228622
1712780652
1712929706
1713318858
1714115529
1714124085
1714318680
1714761236
1715334422
1717996403
1718959160
1720650017
1720702050
1720892306
1721586153
1721755118
1723163574
1723181886
1723238878
1723346196
1724060209
1724145029
1724218456
1724530315
1724547786
1725290684
1725937916
1726203790
1727286043
1727922098
1728257328
1729754695
1731046556
1732345575
1732507259
1732728901
1733997429
1734013969
1734071215
1734206311
1734888731
1735575938
1735958140
1736959035
1741171804
1742671769
1747362677
1747391003
1747757079
1748542513
1752783012
1752926168
1753458959
1754257299
1755268336
1757127039
1757572509
1757897453
1758701227
1759060858
1759353665
1759804599
1760685938
1761820756
1762073978
1762832033
1763005863
1763048296
1763211214
1764552241
1765871646
1766187004
1766746372
1766945114
1767459698
1767670504
1767776479
1768243347
1768958360
1770267636
1770906148
1771246941
1771777085
1772977878
1773070194
1773652174
1775232192
1775311320
1776618129
1778571559
1779611521
1780229098
1781434951
1781776701
1782954128
1783138868
1783885590
1784171812
1784828886
1785259093
1786652687
1787203977
1787339851
1788631417
1791105464
1791149129
1792260477
1793178450
1793516278
1794254206
1795457551
1796173261
1797848366
1797950516
1801048510
1802362797
1803225802
1804551903
1805058776
1805849902
1806893319
1808897928
1809660113
1810607147
1812455014
1815349113
1815906126
1816443259
1817436693
1817501068
1818383422
1818445550
1818974647
1819228050
1820991447
1823849970
1825978691
1827428208
1827445491
1827459706
1828921559
1829181573
1829566268
1830053377
1831927626
1832503900
1835143860
1836123984
1839080001
1839204554
1839721674
1840582010
1840590146
1840972602
1842527199
1842565861
1842714308
1842864167
1844798229
1847474913
1847551196
1848004758
1848563231
1849076164
1849175293
1849933755
1849970193
1853060902
1855127366
1855382006
1856885480
1858737834
1859473607
1859634620
1861778450
1861816507
1862471997
1862867296
1864162219
1864634339
1866374867
1866550850
1866935635
1866957378
1868271098
1869400232
1870250725
1871051827
1872142528
1872242412
1872586930
1873796381
1875192326
1875404532
1876398499
1878085821
1878576673
1879745783
1879854989
1880678603
1881916283
1882632283
1882705954
1883297915
1884252399
1885999690
1886651573
1886705260
1886927989
1887631698
1888354077
1889053630
1889248884
1889961498
1890093440
1890594833
1892509579
1893270068
1893444312
1894214769
1894687716
1894760934
1896386326
1897759819
1898853768
1898992689
1901322318
1901447122
1901616887
1903340698
1903525293
1903961376
1904050038
1905725693
1905807319
1905971297
1907348397
1907433734
1907573133
1907751864
1910927126
1911161792
1911344312
1912051423
1913162199
1913885811
1913925662
1914494139
1914920931
1915331629
1916731013
1920662407
1921447720
1923254657
1926400438
1927201879
1928477379
1929656084
1929718107
1930033939
1932248152
1932961144
1934909640
1935173986
1935519324
1936990844
1938661530
1940226454
1944927511
1945408811
1946682547
1947469040
1947504522
1947651141
1949369662
1949373676
1949524825
1951385365
1952020483
1952731978
1954181627
1956278011
1956538209
1956657290
1956670052
1957394610
1958429836
1958989390
1961874825
1962410573
1962980127
1963674078
1964664679
1965215589
1965336301
1965376188
1965586938
1966962214
1967794638
1969879495
1970155233
1971065561
1972823662
1973800344
1977424298
1978030644
1980771787
1981044617
1982337503
1985216724
1986334724
1986341158
1987698364
1988085141
1990553010
1990842077
1991766851
1991854694
1991962427
1992573113
1992590055
1992831376
1992974489
1993204475
1994332769
1996145458
1996847812
1999791386
2000127467
2000203913
2001758167
2002153135
2002854986
2007014991
2007827230
2008127971
2009432775
2009957297
2010025734
2011588736
2012270062
2012535002
2012680535
2012690497
2012829063
2013341611
2013352886
2013365876
2013691646
2013965033
2015031131
2015533018
2016629229
2017491809
2019120463
2019828989
2020063798
2020408207
2020850421
2021456685
2021554566
2023020540
2023181555
2024726804
2026364802
2026670673
2028655350
2029665731
2030819310
2031020655
2034091058
2036339293
2038018183
2039805536
2040078071
2040688861
2041212865
2041586401
2042288637
2042681559
2043815551
2044206300
2044646208
2044724567
2045649532
2048197735
2049201599
2049631150
2049902236
2051491691
2051808264
2052338074
2052392873
2052525446
2053551113
2055287817
2055619472
2056907834
2057180080
2057777289
2058016878
2058325202
2058602817
2058830377
2059275889
2060001620
2060431489
2060997226
2061332063
2063297908
2063669945
2065368538
2066696283
2067056929
2067150958
2068274324
2068325052
2071553682
2071733363
2071937069
2071942923
2072152446
2072941745
2073735876
2075822467
2076202159
2078466317
2079553514
2079633679
2080213317
2082347970
2083287523
2085711792
2085933402
2088598619
2089008638
2090312298
2090380607
2090651830
2092509524
2092530838
2092667079
2092737619
2092969139
2094547403
2094918239
2098448198
2098641217
2099025541
2099844982
2101372125
2101502777
2104483328
2106120214
2106977969
2107581961
2107951628
2109463939
2110868447
2110968906
2111168495
2111721944
2111832297
2111922312
2112239983
2112379136
2112502094
2112817270
2113164165
2114490157
2115842421
2116413014
2117176711
2118245719
2118512972
2118580658
2119997964
2121098405
2121528448
2121706071
2122383490
2123620260
2124562752
2125891327
2126751946
2128919262
2129103011
2130583680
2130863332
2131071973
2131219293
2132999983
2133836050
2134898598
2135241202
2135474404
2135899234
2136652495
2136697941
2136904139
2136934200
2137663238
2137927245
2140547323
2140733815
2142655853
2144896048
2145038815
2145431643
