395564
713382
832731
2068002
4578676
5295428
5700806
7351834
7379393
8307929
10803475
11847767
11943875
12902720
13902039
15777505
17037091
18685707
18992431
19579183
20033516
21892173
23261693
23378106
26085479
26175757
26324445
26374860
28209956
30231811
31146880
31154895
31930551
34754415
34896644
35129325
35847474
37040431
39613874
39681934
39835644
40780425
41159060
41974665
43069157
44088105
44234866
44546268
45553140
46147082
47414515
47875171
48356486
48469558
48752589
49947652
50496335
50547919
52385031
52485830
53643450
55787023
57890323
58655153
58675892
58778789
62470859
63536415
63625074
64059872
64701049
65300426
66302415
67628763
67823794
68337073
69079063
69274634
69386097
70050410
71712425
72153068
72503335
73517193
73553409
75680322
75840838
78479817
78615834
78864344
81005786
82387078
82650943
82748076
83957808
84109339
84468823
84883340
84998182
85725698
86078439
86103639
87109324
88848031
89855706
89862959
91139132
91662306
94473245
94542328
94620837
94622194
95335792
96119328
97126377
97612620
98053336
98191443
98305568
101647402
103308328
103829134
104847611
105197798
105236546
106622437
106842869
108534861
108827802
109419586
110393222
113692867
113963275
115953445
116487839
117168790
117526134
118185625
118682584
119972387
120204141
120275697
120281106
120955875
121903673
122141265
122206939
122291119
123802465
123929577
124562404
126455432
127107398
128374490
130183272
130653480
132820607
133439956
134324623
137256825
138287085
139307504
141381402
142335241
143104752
143343356
143667142
147047622
148153902
149304288
149487153
149638625
149895338
151377417
151421351
154563766
154610866
155211043
156557253
158373331
158413895
158611442
158967390
160520098
162838381
166194079
167101799
167240221
167478899
167786747
167878673
169675927
169723975
169802286
170097004
171125818
171723761
171852787
172755985
173368336
173594833
176505767
179932862
180813507
181251944
182972142
184966365
185591325
185767946
186951729
186978835
188380821
189286631
189869978
190666962
191088768
192651334
193036779
196092876
196941336
197645360
200892190
202442874
202475411
203070875
203515762
204346685
205031483
205970842
206219831
206671648
207644534
209421499
211250806
211848131
211986906
212788254
213826070
213885111
215733695
217412823
217845092
221060848
223124536
224901866
224996781
225011636
225628821
227763933
228841485
229582925
231086083
231858620
231876217
232722831
233323732
234566161
234961299
235092744
236510193
236704496
236983905
239525656
240069044
240195339
240405112
241430249
242462998
242787913
243637762
244425743
244772280
244842440
245132355
245749054
245783339
246156188
246570904
247521323
247523236
249121109
249378249
250080543
250421038
250775188
250981087
250993926
252294702
252872143
253055152
253076857
253443565
254696966
254850675
256664455
258124649
259557429
261241712
261513758
264370586
264966067
266787765
267587726
268314033
268683006
270190575
270245976
270262696
270866259
272102169
272875817
273109779
274386936
275639358
276151276
276354381
276891402
279096291
279153887
280158759
280305219
282045550
282711924
283090103
283163503
283385699
283767664
284332178
284401106
285306149
285930947
286048473
286973708
288068325
288704342
288950342
289783970
289956662
290021493
291390016
291494988
292125047
292259994
293553287
294422274
294495783
294722220
295545180
296416867
296670842
299278112
299714586
299910579
300007515
300708881
302183983
302442073
303275163
304272488
304684081
304751605
306140660
308424613
308954496
309119892
309443832
309675917
310150036
310639433
311589106
312574832
312713397
312845861
313323078
313773166
314594106
314936820
315496554
315546216
316087117
316622339
317709940
318385884
318427967
318658372
318736489
319020725
319712584
320515823
321598065
322045315
322581042
322878338
323081844
323533521
324353736
325353843
327512492
328056718
328358014
328775639
329376765
330461680
336605300
337233472
337884313
338938077
339294505
339586542
340911820
340919307
341680255
342518983
344622809
345092950
345434284
346455851
346764529
346987296
347282860
347380504
347617256
348192091
348378433
348445472
349004339
349564283
349800817
350876605
351590836
351646106
351652711
352090559
352409409
352524930
353360699
354165967
354449957
354462508
354710505
355072022
356292035
356820389
357401865
357574145
357778867
358330874
358543542
358686991
359524798
359869778
359985997
361355542
361988199
362464931
362534955
363153210
363372045
364709333
365142291
365788689
365953214
366634345
366738849
368284488
368831070
370253608
370442375
371155806
371253758
371655868
372344810
373307443
373369154
374180621
374198998
374210367
376422960
376811397
377197774
378314744
378373056
378924676
379370032
379694670
379905861
380419403
380846350
382881316
383572039
384056236
384346170
384885942
385255023
385637397
385970853
386525621
387026812
390878864
391204199
393210714
394467102
395126500
395143033
395680003
396965544
398234135
400035161
400601039
401588463
402093783
402928552
403082820
408503050
408804217
409360713
410081910
410244236
410280008
410452166
410722484
411811662
411950828
413812415
415211066
415381387
417023059
417252161
417698850
418450228
419077521
419242894
419667178
424964278
425304756
425310914
425842822
426158613
426925780
427057739
428308119
428489553
430397244
431335743
435460284
435538360
436327993
436524689
437181774
437267404
437730291
437825429
437946090
438013692
438097298
438483797
441080730
441512304
442527483
443090918
443381899
443902856
445168527
445267608
446349858
446663469
447661316
452240154
452895437
453309967
453685002
457102720
458416946
459362099
459518672
459832443
460807136
461478391
463486866
463913839
464230052
465335113
466066128
466094096
466194399
466389113
468474893
470211369
470353708
471373707
471618863
472122265
473404100
474480105
474625928
474752318
475325386
475682614
476093432
476330033
476762873
477021527
478123094
478947400
479314396
481746211
484069871
484413346
485493481
486062594
486187121
488518529
488791166
489429846
489671321
490881524
491384706
492314248
492565589
492845904
493121980
493484530
495917570
496171963
496216631
496900079
497350377
497749213
498209428
498708155
499252645
500326011
500848497
501589943
501787604
502226098
502330670
502368289
502752357
502959837
503595982
504067359
505446942
506091946
506242965
506396911
509709240
510836495
513001803
513334398
514671329
516596038
516769362
516939826
517671733
518419372
518949554
519121273
521560426
521976734
522088643
522222094
522663929
524338387
524646304
526482121
526988445
528330131
529035738
529042948
530805568
531322673
533377070
534068310
535561054
536961262
539708485
540050466
540477825
543107415
544890363
545015094
545580229
547514120
547798157
548744169
549177154
550351143
550833224
550971985
552076808
552272552
552697626
553507585
554158497
555347735
557422859
558119273
559767769
561351253
562172326
563123619
564101595
564474218
564599440
565049011
565306238
565563809
567551447
567893195
567903060
568403317
569245115
569636183
570928319
571913472
573315227
573820109
577042946
577601828
577791682
578309571
578498526
578749389
579170862
579666493
580165407
580706223
580731122
582527153
583733422
583835669
584593725
584639975
584856901
586137318
588477551
588580277
590352612
590359264
595942638
596375583
596547862
597047768
597250690
598809313
599442557
599549170
604559071
606136815
606536501
606726629
607350362
607583576
607904328
608032437
609389647
609662190
609917724
611816624
613165138
613850815
614503688
617924023
619599211
619917668
620853617
621264136
621798462
621986481
623296261
623811202
625227408
625447915
625783457
626312493
626332133
627383366
627911765
628129271
628505451
630158004
630302396
630488547
630965580
631031835
633168782
633639400
633788820
634073929
634745068
635559659
636435909
637708690
637724456
638559370
639412558
639969156
641018902
641031145
642028130
642162464
643353385
643920067
644558573
645688115
645703452
647610952
648026780
649458061
649719520
650673374
651115128
653153033
653168882
653434236
655189990
656830301
657121347
657233284
659491793
660704151
660709428
661324849
662735225
663439115
663945266
664597384
664990791
666490678
666581135
668867985
669028700
669208633
670602468
672142006
672411193
672668307
673601009
673936658
673950460
673965193
674447984
674607341
678430352
679155895
679732688
680127729
681541674
681655339
683682814
683683188
684551578
684832380
685022083
685953502
686219193
686575439
688023203
688646960
689211350
690256046
691013486
694127818
694418427
696729853
696860415
697997329
698665994
699258528
699455472
700022120
700582377
702223276
702570363
704319020
704476271
704844702
705416890
707281304
708112409
709340824
709788280
710530498
710910200
711205353
711586528
711869435
713650371
714531972
715428258
716807494
717206142
719447679
719881083
720226450
723299909
729404867
729647145
730136743
732418366
732800501
733700455
734981172
735479053
736083529
737809311
737837441
738443644
739591711
740239753
740823929
741459191
742130208
742692016
744177682
744358687
744784172
747225613
747606945
747833402
748143208
751883581
752383070
752508229
753835550
754586401
755052609
755225133
755758913
755816553
755825918
756184181
757266076
757547379
758091715
758135650
758955858
759311728
759612871
760880007
761121455
761541396
762695209
764012395
765059244
765699592
766451073
766816561
768019026
768946454
769416880
770718111
771938618
771941267
772347592
772901586
775210474
775570982
776090983
776255860
777539641
778639593
779848867
780707654
781158353
781708127
783018311
786463060
786544380
788512726
788658871
789002860
789268866
789541248
790991522
791415755
791450793
792581680
792792490
793111256
794527155
794612064
794905424
794928689
796215711
797589103
797926725
799131978
800185970
802923767
803304365
803572789
805350629
806344752
806675407
809487039
809547722
810542694
811261496
812319155
813215794
814981546
816797438
818889638
820865583
821008162
821699671
825581166
825828425
826603372
827046970
828567132
830229221
831217740
831907559
832767145
832780509
833415967
834646909
834671168
835681294
836169317
837286240
837366113
837828546
838373405
838613687
839933711
840712353
841418826
842577882
842835179
844115919
844819960
845622590
847096362
847688026
847917964
848791084
849973825
850354004
850468428
851373640
852712828
853126049
854465972
855238346
857441438
857672241
857801059
860364974
860445297
861408392
861842405
862350694
862976760
863779970
865213329
865368656
865474425
865645902
865782991
867260554
868375930
869267559
873121630
873168977
873333267
875000801
875309996
875842248
876162806
876392207
878741300
879011169
880418836
880618134
881452133
882359748
883491440
883745759
884316820
885372966
886233047
887500849
887652485
888271065
888727500
889519747
889742908
890508016
891873348
892524067
894786470
894830099
895411280
895559214
896278832
898567569
899510533
899629208
900128244
900286541
900574058
902289861
905218429
905355276
905572944
905588524
906057891
906520853
906665103
907348220
908191563
908359915
908765346
909797038
910361456
911508258
911739472
912107264
912564732
914212590
915511827
916791049
918188085
919103489
919224382
920419754
920784470
922530939
925174658
926075677
928295314
928321181
928674118
929106472
929247672
930058290
930423074
930969961
931115115
931189692
933913389
936578603
938786708
938972042
939661752
941115035
941958649
942860624
943661740
945979399
947051487
948051378
948431494
948587328
948640205
951546163
954051609
956396781
958664826
959759606
960530490
963025864
963077191
964299193
966276868
967462023
968184464
968601308
971562593
973751817
974330934
974815768
977287698
977369678
977416060
977559801
977924458
979262834
979440831
981167677
982115642
982539195
983909024
985148064
985793817
986490218
986997339
987235546
987929192
988952351
989214933
990200957
990248657
990523579
990677915
991905567
992370955
993729520
994600940
997064183
997737305
997821721
998411137
1001079521
1005003990
1006001711
1006357027
1006771623
1009117604
1009196373
1009972657
1010082656
1010430016
1010910583
1011190021
1012586458
1012868050
1013079657
1014103082
1014347695
1014483923
1014863439
1015134001
1015521179
1016542523
1016627304
1016929974
1017079796
1018035544
1018421838
1019653999
1020416594
1020432287
1021065093
1021562320
1022529355
1025142460
1025888860
1026731895
1026926057
1027209232
1028852810
1030803128
1030970429
1031155806
1031459599
1032021127
1032262467
1033223321
1033680287
1033974131
1034102095
1035229744
1035809790
1035884063
1036603285
1038287290
1039245478
1039460290
1040406451
1040674109
1041103005
1041210494
1042024975
1045199074
1045286115
1048100620
1048394417
1048856253
1049169753
1050632549
1054565003
1055038507
1056047298
1056313097
1056489917
1058515028
1060059846
1060659197
1062160163
1063332671
1064664562
1064811972
1065823490
1067672928
1069741310
1070768184
1070972304
1071426185
1073815346
1074343468
1074764216
1075165629
1075769151
1076568430
1078230329
1079239583
1080012167
1080366156
1080891001
1081249432
1081333617
1082594806
1083061648
1083146125
1084486746
1085987741
1086981490
1086999525
1089268690
1090386634
1093546779
1093577135
1094204066
1094879258
1095036657
1095887111
1096025157
1096276495
1098472014
1099353795
1099420218
1100040338
1100054886
1100111570
1100549957
1101180812
1101276938
1103058802
1103075588
1104544678
1104909859
1105032991
1105535682
1105690931
1106045265
1107315084
1107559091
1108049661
1109083443
1109353588
1110214447
1110494417
1111703027
1112466156
1113578369
1115446769
1115878459
1116134655
1117343580
1117418488
1117897900
1120086297
1121529858
1122012231
1124017284
1124623423
1126443437
1128573307
1128995355
1129345799
1129828879
1130184165
1130748176
1130814636
1131532298
1132101803
1133254686
1133340845
1133812024
1133846566
1136104402
1136382561
1136421706
1136974652
1137665070
1137733114
1139869062
1142275824
1144288049
1145103398
1146076778
1147753203
1148511724
1149120910
1149422735
1149495269
1152896811
1154556395
1154574929
1154983082
1155578018
1156324359
1157495866
1157497552
1157730841
1158160665
1159282474
1160069982
1161179892
1161184127
1162570821
1163943412
1165287397
1165389130
1166479874
1167044173
1167594322
1168892838
1169096539
1171111779
1171518763
1171755472
1172495174
1172645701
1173131946
1174383747
1174748918
1174890106
1175437635
1175639344
1175749921
1176821807
1177981561
1180382964
1182294928
1183580003
1184168953
1184194722
1184207474
1185190002
1185492643
1185547823
1185736231
1186528849
1186744770
1187043914
1187324023
1187445430
1187679448
1188887452
1190328872
1193488292
1193806201
1194147454
1194790196
1194841996
1195574349
1196026605
1198046880
1200076905
1201226892
1201933925
1205974981
1209141266
1211095338
1211755260
1212305781
1213486562
1214002880
1215323624
1217628019
1217833965
1218508543
1218888881
1220184333
1220671820
1221234684
1222136320
1222933548
1223391020
1223467113
1223960089
1227146512
1228199361
1229605399
1230192400
1230985322
1231114941
1232985190
1234495014
1234973723
1235085382
1236897870
1237034969
1237870351
1239102780
1239438836
1240493963
1240544226
1240789393
1240990912
1241448680
1242364666
1244371321
1245109692
1246444260
1246983318
1247369217
1248963118
1249169621
1249218255
1249973315
1250830168
1251494024
1253434095
1253529234
1253688804
1256581058
1257096809
1257278923
1258140001
1258992072
1259410203
1260611379
1261581842
1261647367
1262447552
1263090849
1263684971
1264184003
1264223983
1264262054
1264400129
1264454757
1264489527
1264641027
1264953033
1267334060
1268076149
1268180454
1268621999
1270701847
1271779291
1273220736
1274496128
1275498751
1276053258
1276845768
1277054874
1277110125
1279423137
1279576316
1279837911
1280345033
1281495620
1282737505
1282881168
1283413451
1283736339
1284096716
1284779991
1288009473
1289706271
1290331598
1292375521
1292775543
1293317678
1293598967
1295018931
1295221633
1295500397
1295684185
1296775037
1298364016
1298869710
1299724130
1301567209
1301790622
1301953050
1303795731
1305120915
1305900827
1306690972
1307918535
1308083593
1308831368
1309087673
1309897624
1310151177
1310357452
1312194378
1314121167
1314585121
1316837617
1319061391
1319237307
1319415479
1319956643
1320933897
1321098433
1321300397
1321698942
1322825734
1323900121
1324979545
1325073758
1325208251
1325589418
1325753064
1325908570
1326142526
1326564155
1328107115
1328294948
1329321551
1329431384
1332010245
1332388527
1332936918
1333657404
1333902211
1334530778
1334974023
1335762034
1335768786
1337079265
1337501252
1338387010
1338751651
1338917869
1339248729
1339316128
1339525889
1340911627
1342643622
1343453521
1344426449
1345593671
1345773719
1345914685
1346196055
1346263735
1348082521
1349801769
1350324535
1350753338
1352715211
1352754923
1353331048
1354135267
1354254097
1354806908
1356279753
1356299924
1356665947
1359032534
1360297461
1361397247
1361465566
1361490591
1363002664
1363288479
1363886514
1364258000
1364461984
1364789578
1364834970
1365119645
1366202425
1366954428
1368379520
1368486006
1369478116
1371559099
1375623241
1376654388
1376675221
1376801147
1377116184
1377217036
1378176000
1380195671
1380441691
1381611684
1382810110
1386466112
1386758614
1386912419
1391682896
1394384031
1394692243
1395038343
1395336389
1395551993
1397722141
1398190309
1399014070
1399635043
1399784009
1401190239
1401832725
1403028491
1403763551
1404187069
1405040808
1406992365
1407143740
1408177919
1411372045
1411842628
1412878575
1415826173
1417308985
1419021340
1419048367
1419350407
1420740787
1420882846
1421029546
1423770013
1424732772
1424762691
1425631230
1426639297
1427699656
1427840049
1428083386
1429522562
1429566361
1430891663
1431509581
1431976259
1432549769
1433016191
1433117121
1434013299
1434935886
1435232078
1436267979
1437684092
1438438239
1438813837
1439576494
1439779484
1440822080
1441051616
1441673321
1442058025
1443401376
1444503321
1444714714
1444789811
1445778876
1447177067
1448535575
1449257366
1449391207
1449404112
1449603388
1450309834
1451045006
1452313082
1452391969
1452780968
1453692649
1455238740
1456424945
1457629124
1458242299
1459404009
1460742315
1463937946
1464053803
1464694716
1465738837
1466002550
1466277041
1466981409
1467305591
1467924844
1468062430
1468109550
1468351646
1468947568
1469146506
1469214679
1469593671
1469804696
1469820352
1469922522
1470353185
1470526348
1470726435
1470833316
1471050351
1472617752
1473281165
1473369903
1473474775
1475602209
1477326655
1477807716
1482171132
1483408176
1483727502
1484692598
1486068600
1486896582
1489840456
1490801638
1491087869
1492133704
1495369352
1495624569
1496101476
1498454428
1498697485
1498715107
1498827105
1499984190
1500420538
1501045916
1501944592
1502351572
1504970081
1505121763
1505222744
1506185089
1508143637
1509791202
1511134264
1511348172
1511971163
1512618206
1512838799
1514201560
1515835328
1516094971
1516306730
1519167465
1521623927
1521989871
1523094538
1523265505
1523439374
1524034784
1524508320
1524784467
1525467283
1526621901
1527382978
1527815156
1530452903
1530840043
1533546063
1533621163
1534270772
1534618608
1534729284
1535038066
1535285131
1535663677
1538485854
1538868795
1538995354
1540189268
1540866882
1543145936
1544958020
1545375747
1547102630
1547211200
1547231740
1548889411
1548927745
1550654245
1550964113
1551388142
1553070255
1554348720
1555490991
1556479759
1559020034
1559202184
1559336311
1559414292
1559872023
1561222274
1562113272
1563719121
1564553845
1564954939
1565569777
1565578303
1565616926
1566320355
1566984473
1567051284
1567260474
1567568699
1568660146
1569436567
1571540035
1571803230
1572393146
1572578086
1573928868
1574045786
1574126558
1574214286
1574640366
1577073519
1577441936
1577504826
1577979113
1581591172
1583160369
1584538382
1585375102
1585773199
1586309853
1586368201
1587717947
1588107210
1588403413
1588845712
1588849489
1589544299
1592352622
1594194402
1594421271
1594814033
1595775231
1597602175
1601182342
1601808309
1602504947
1602938705
1603722924
1606384858
1607725065
1607996873
1609554661
1611089043
1611504056
1612080757
1612112133
1612651508
1612993038
1613407877
1613495160
1614456296
1615289933
1616241703
1616310480
1616460019
1616539503
1619957246
1621839208
1623901860
1625345245
1625974068
1626333826
1626364107
1627251983
1628816764
1629442722
1631465831
1632198791
1632426259
1632627557
1633204110
1635041695
1635807622
1636028010
1636334431
1636917030
1638757917
1645330797
1645866160
1646614438
1646817617
1647170942
1647773054
1647799679
1649349441
1649454653
1650035548
1650355304
1651579535
1651792317
1652363993
1652384915
1653486444
1653515444
1654105209
1654940355
1655081848
1655253118
1655321329
1655822967
1656829990
1657612844
1661519732
1662951727
1663019053
1663516529
1663603435
1664508566
1664782344
1664995980
1665050101
1665423882
1665688691
1666491173
1666802743
1667701715
1668971454
1669295840
1670352808
1670381760
1671912712
1672361268
1672650243
1673295201
1677203656
1677333347
1677437286
1677930378
1679083279
1679651052
1681314983
1681780494
1682906147
1685072931
1685101731
1685912418
1687028877
1687251170
1687828873
1688731111
1689282026
1689650864
1691483474
1692534309
1693240656
1693547240
1694203265
1694231929
1694402582
1694679783
1695556789
1697232039
1698002071
1701544037
1704167438
1704715354
1705060246
1705993268
1707302292
1708148487
1708354802
1708375390
1709420326
1709621525
1712937531
1713763734
1714942066
1715656779
1716135858
1716730507
1717655322
1719295328
1719404778
1720218870
1720527714
1722893854
1723210551
1724398983
1724686490
1725044125
1725573643
1726579346
1727831534
1728983106
1730666837
1730774524
1730814052
1733194956
1734248733
1734958536
1735272085
1736193371
1736327637
1736863536
1736998128
1737852973
1738327571
1740003986
1740496102
1740777831
1741308225
1744290883
1744825729
1746349054
1746790811
1753378150
1753621347
1753635775
1753688962
1754564259
1754989677
1756301105
1756361669
1756514386
1756883445
1758983479
1761521331
1761572367
1763496693
1764218547
1764515703
1764521407
1765858635
1766292629
1767022019
1767340384
1768397211
1768957853
1769107446
1769830561
1770394769
1770819455
1771172199
1771461272
1771828569
1772346419
1776088432
1776286120
1776381335
1777095576
1777419933
1779743227
1779787376
1782559661
1785943803
1786914377
1787133062
1788118193
1788678111
1789838344
1790408249
1791932356
1792236633
1792374271
1793173200
1793307233
1793493861
1793727664
1795247664
1795335814
1795400289
1797600619
1797717158
1797882405
1799018570
1800006428
1801152913
1802098037
1803955821
1804549972
1804567434
1805766852
1806748857
1806958737
1807725137
1808765894
1809704679
1810235713
1811858427
1812494971
1813236415
1814043106
1815267506
1816769229
1817021504
1817867168
1817958578
1818022169
1820010295
1820091303
1820353561
1820403478
1820714780
1821729138
1821760073
1821770249
1821927806
1822946228
1824541506
1825804886
1825842216
1826006628
1826228916
1828087791
1828383170
1828465352
1828911011
1829824505
1830148282
1830260175
1831638835
1831712839
1833869251
1834470803
1835372211
1836019225
1838443614
1838965339
1839180829
1842593507
1844647788
1845029425
1845944738
1846382902
1846558673
1847283604
1847661873
1847948896
1849769023
1850760512
1851134662
1851146898
1852290632
1852867944
1852901125
1853210945
1853843782
1855175767
1855339950
1855528878
1855671120
1857412432
1857490648
1858386276
1858800930
1859442833
1861458101
1861506117
1861903284
1863097648
1863516414
1863821842
1865242033
1865761215
1866432157
1866646094
1867136426
1867233092
1867569355
1868921138
1869576542
1869606295
1870209953
1870706100
1875014690
1875178787
1878079369
1879319987
1879900363
1880477461
1880984498
1883863738
1883922627
1888332030
1889208319
1889951629
1890847615
1891383617
1894226976
1894843127
1896543449
1898059688
1898421193
1898693759
1899248955
1899251110
1899443616
1899606835
1899802344
1900677819
1901082800
1903164787
1903297381
1903685054
1904990039
1906817867
1907325656
1907331756
1907896184
1907997908
1909424639
1909709777
1910915726
1913423117
1914906691
1915123251
1915850517
1915927976
1916555226
1916735595
1918568640
1918655511
1918680525
1920719792
1921426707
1921781656
1923403066
1923748675
1925375833
1926047163
1926265130
1930638076
1931405362
1933020000
1933239432
1933448800
1935148183
1935752134
1935761299
1938493863
1938788861
1940335589
1944689334
1944963417
1945849430
1946398157
1947412994
1950455774
1952082242
1953324877
1953378978
1954761592
1955835401
1956852966
1958385992
1959071647
1959571432
1959870002
1960950370
1961900992
1962145964
1962936126
1963186675
1963464793
1964307847
1965055587
1965653367
1966779185
1966781839
1966857903
1967082716
1967616973
1968244560
1969032001
1969706650
1970349098
1970406662
1970762031
1970917521
1970982181
1971420086
1971569262
1972383101
1972540086
1973327757
1973848808
1977788143
1980775280
1982315661
1985350466
1987112083
1987231484
1988160422
1989052717
1989279223
1989740772
1989826840
1990973654
1992049441
1993303840
1993966138
1994764614
1999403809
1999577744
2002138149
2002519102
2003288318
2005677152
2006178868
2006239784
2006275672
2006645504
2007498849
2008962631
2009158207
2009901224
2010466930
2010713101
2011671041
2013747812
2013749381
2013979209
2015390943
2016301203
2016611880
2016707966
2016960805
2017775539
2018469745
2019239138
2022823820
2023052407
2024164912
2024461676
2027073071
2027255303
2027476272
2028025561
2028413923
2029654445
2029837329
2031762849
2032907701
2033142811
2033554769
2034699940
2035276932
2035517297
2037476635
2039465385
2041013102
2041366067
2042174262
2044864867
2045240049
2046395779
2047016977
2048335995
2048696730
2048716117
2049878208
2049886422
2052594992
2052899196
2054315005
2055098033
2055244456
2056754029
2057570791
2058340125
2058411149
2059198339
2060563713
2062209151
2062334935
2062517784
2063160098
2063372482
2063740196
2066521408
2067534363
2069850126
2069963497
2072884178
2073690645
2073899544
2075778876
2076503260
2078657379
2080120430
2080501102
2082520338
2082796843
2083756899
2084149708
2086276274
2086591639
2087831587
2088139706
2089338167
2090054108
2090067182
2090749447
2092091936
2092925203
2094193120
2096078176
2096911697
2096978125
2097125416
2098087772
2098593598
2099258366
2102222045
2104475417
2104820907
2105495374
2105706467
2106688594
2107241208
2107498308
2107707068
2108443794
2110222041
2110676962
2111232682
2111723804
2112050073
2112514009
2113080646
2114234385
2115432325
2115707168
2116211232
2118693310
2119343917
2120348386
2120364143
2121903325
2122811753
2124865569
2126078227
2126134096
2126297815
2127450994
2128046311
2128500386
2129051353
2129918953
2129935336
2130692827
2131624102
2131825096
2131900423
2132682615
2134910545
2135418111
2136097175
2136533973
2138167409
2138413702
2139214805
2140516098
2140896611
2141503215
2141566124
2141706319
2141975971
2142419169
2142893296
2144018296
2144864860
2147194906
2147430617
