1808765
2290552
2428661
3393940
4298859
5763152
6326994
6597786
9376380
10135587
10338027
11213969
12000868
12135186
12567112
13408742
13764913
13843613
14386154
14681448
16615296
16656471
16662581
17081689
17175801
18353885
18646785
19034235
21123316
21681063
21735278
22844448
22849649
23480194
24828005
26023326
26373154
28655886
29574977
31627302
32051226
32109092
32358961
33066405
33520268
33846416
37455360
38613879
40772821
41702143
42225503
43590374
43771945
45204854
45293049
45568994
45965518
47169955
49727716
49874524
49995331
50957647
51593669
52019749
52042598
52161051
52355371
52704764
52814979
53138191
54224167
54890309
55277815
55431884
55862413
56441481
56845578
58467117
61205246
61786146
62698367
62771984
63216555
63601400
64585263
66076516
66623267
67722736
68489906
69215506
69918980
70378114
70948751
71265448
71467961
73323612
73853716
74011455
75163053
75845954
77439334
78300782
80938684
82852991
83171006
84407900
85586717
87145983
87878606
88247632
88669533
88880155
89226500
91267893
91474569
93102471
94085800
94211415
94740359
94813707
95363299
96912585
97305817
97894733
98629037
98634908
98990911
101369951
102179375
102600600
103195826
104025390
104238920
105772999
105802069
106515303
107160784
108375387
109468075
109811179
109929631
109991901
110106837
110784469
111159663
112340158
112957512
113980010
114578729
115867192
116433630
116659112
117515451
118699236
121380765
122102297
122246332
123642191
123750295
124827583
125592802
126231567
127668262
129393105
130918831
131308570
132115379
132142913
132259041
133058477
135872117
137114400
137459592
137764317
138192345
138474854
138572844
138674717
139150748
139188838
139196714
140735186
140921109
141743658
144118983
146711946
147109439
148295486
148624794
151814832
152616317
152649049
153051077
153222193
154176340
154225269
154337617
154923570
155184233
156601696
156656028
157732971
158571322
160164087
160251657
160509827
161325472
162619520
162843145
162870652
163631628
164176229
166327868
167199980
167729858
167773753
167955979
167957864
168916353
169337692
171457136
172318204
173895279
174902316
175786253
176103456
177868118
179080593
180490277
182589584
186881789
186941707
186981813
187037898
187298336
189158307
189714424
190152903
190192898
192298717
193261367
193470643
194308511
194934116
195578429
196277540
196291228
196626938
197006376
197292491
198898817
199029776
201242699
202230852
203064912
203818611
204688250
205090229
205158608
205240032
205739536
207057287
208250759
208547903
209772624
209823410
210844060
210953185
211741161
211761703
212172807
213285038
217443790
217737312
218224627
218867560
219077727
219639176
221818067
222706937
224099949
224883120
225573278
225751917
226099098
226248905
227397882
228190147
229102628
230289216
231055487
231274137
231567522
236526862
237228308
237485326
238627477
239046549
241265903
242108670
246342948
247207063
249133821
249145898
249422603
250148059
250438433
252445376
252920105
254288852
255778611
256567951
259248622
259304813
263445432
265761289
268317375
269221058
270186368
270268256
271784388
273307363
273461506
274359075
274485334
274661741
274677429
276369381
276441851
277057282
277278397
277902467
278606440
284623781
285090010
285295247
285355908
286666296
287448483
287515732
287759410
287786926
288713213
288782517
289077276
290193090
290494656
291121540
292295869
292344242
292778277
293069717
294085803
295728372
296831078
297631582
300586003
300926460
305665524
306501122
308641084
309206572
310209937
312474964
314241943
314595090
315132261
315591227
316018511
316341725
316404048
317508790
318725910
319203258
319335977
319439919
319662725
320213023
321230883
321246252
322206454
322986059
323157440
324724348
324826150
325599124
325635529
327758538
327854059
328181066
328380986
328567830
329126055
332701549
332815537
333419668
334092485
334471917
334497062
336175898
338374423
338485256
344794212
345426529
345623918
348346212
348440508
348952612
349166638
350280728
354701472
355002283
355145078
356726366
357599498
358286326
358392317
360652276
361626709
362298220
364281077
365812778
366787625
367235476
367250546
367411543
368841711
369526811
369947861
370849695
371914758
372735526
372901008
375067219
375467419
375470331
375824467
376032433
377624501
378498871
378832175
382160203
382388589
383389244
384873418
384917261
385436301
386929518
387244805
387851846
388363140
388932353
389531546
389805964
390040033
390257765
390585831
391126565
392408341
393249582
394627357
395798411
399835870
402555053
403851024
403915746
404309331
404714412
405578145
405807066
407988006
408103099
408821067
410189764
412085416
413581503
414570441
415282591
415315729
415848192
417408296
418049006
418873403
419002173
419328105
422688795
423343783
423424222
423757016
427573052
427784284
427879065
428253310
428398060
432698158
432908418
433263055
434944890
435228667
435254176
435703605
436653450
436719301
438790279
439075008
440088972
440552366
442335425
443609757
445309793
446260820
446365334
447299982
447619698
447837494
447903618
447932637
448488346
449510488
451055822
451997778
452772520
453318735
454163709
455592860
455702941
456398844
456449769
457509095
457957642
459943118
460440971
460469109
461150805
461161076
461778521
462108447
462542215
462631286
463328433
465076464
466075615
468588133
468876870
469723315
470591351
470789731
471527520
474199759
474444232
474459578
476121425
478014916
480005990
480150671
481396356
481430554
481821812
481908197
482567222
483392287
483763311
484467056
485129815
485143336
485621170
486711145
487384906
488861241
489903990
491897813
492062997
492368654
492873546
492905089
493282249
493373185
494140388
494380187
494390915
496270231
496865973
497208330
497497427
497624586
498979895
499164032
499530913
499543217
500106938
500276670
502152951
502815469
503139077
503191291
503458583
503959554
504115330
504411041
505196331
505371086
506264516
506830661
509238937
510253243
510475718
511774371
511867121
512349980
512444288
513537102
514346226
514439034
515008650
516451508
516547999
518359270
518819252
522780467
525390871
528733281
529218916
534523860
536935827
537754109
539718137
540197523
540637215
540746314
541350471
541386016
541556507
542026501
544329024
544847006
545769983
546267178
548768848
549390784
549931951
550795296
550837364
553485100
554482918
555934848
556312686
556599396
557073118
558235734
558455564
560375269
561360846
561528995
562516909
563366992
563572335
563578064
564563295
567360673
567921162
568049878
569309770
570564721
572655318
572677291
573157110
574171227
574743871
575624310
576880031
577905770
579745122
580238924
581143030
581195223
581267667
583957658
586043147
586161299
586869823
588260141
590138424
590863065
591097532
591764819
595393984
597749262
599199539
601025164
601043521
601102505
601884819
602536807
602560069
604415742
604583034
605455288
606257730
606740473
607498094
608160041
608236779
608960788
613677502
613764917
613930852
614532416
617801506
618949564
619088086
621732432
621821681
621904191
625105693
625391291
625817906
626898843
628366424
630702226
631107005
631745797
632806209
633049009
634691936
635027630
635058725
635103451
635459541
637009746
637425331
639723160
639845401
640275605
641445465
641507070
642301190
644738214
646735743
646760101
647236788
647440283
647527013
648279720
648807997
649244575
649464821
650132832
650292957
650775788
651242086
651444201
652781036
653086559
653894704
653943851
654517926
654527911
654645346
655221965
655553723
655807398
658649648
658679556
659528093
659667153
660030040
661048426
662309444
662880438
662892596
663637657
663836445
663856186
664523519
664717159
665204994
666750879
668132867
670337317
671291823
673098865
673657825
674535067
675232232
675303745
676578244
677387488
678051543
678450024
679336134
679387516
680233138
680259817
682509464
682754033
683443265
683864050
684009236
684514030
685053540
685393677
685449856
686238237
688337785
688904996
688968319
689648901
690020070
690428120
690940006
690941524
691419123
691575845
692814111
694732052
697778590
700076292
700582440
701518876
701771396
702170974
702463447
702984871
703000089
703280684
703418357
703973622
704403903
704667055
704783890
705120854
705427906
705792659
707680074
708073066
708187696
710536641
710549656
710550098
712258315
712349607
712397756
712605237
713112127
713586489
713801320
714498811
715957563
716259936
716356041
716774484
716871332
718136038
718547228
719121386
719828595
720243341
720498172
720511483
723904986
724682244
727243827
728186303
728338651
730335987
730354260
730507711
730527706
730914753
731577959
734630829
734749235
735379071
735762124
735871857
736872051
738048977
738103861
738318683
738420791
739553623
740621139
742014810
742197498
742509129
742604532
743741366
744249196
745339243
746452014
747063482
747852103
748974034
749239088
749499967
749970170
751765812
751922878
752946126
753516328
754711305
755571387
755780851
757529209
757865852
758015643
758588305
759030611
759553082
759991443
760001149
761150745
761357998
761554220
764120238
764715579
764719177
767633064
767867423
768073586
768903687
769342259
769363841
769809408
771181108
771712247
772401115
773119894
774238470
776460118
777183191
777438205
777506445
777857043
777947803
778552310
778836818
779047937
779445472
781419523
782150175
782356213
783540341
784263709
787530761
787637865
789070848
789827226
790464903
790626742
790802194
791046211
791168399
791300820
793439440
795763100
796331051
798267899
799439022
800062170
800744054
800989892
802095539
803203257
804802942
806391126
806753854
808251896
809122460
809520984
812770518
812934670
813542340
814002618
814197479
814508528
815047229
815300375
815706925
816359183
816964033
817677180
817718332
817940718
819344821
820080816
820142330
820437856
823206227
824619503
825735379
826085297
826566801
826804563
827038939
828607616
829359575
830281864
832134019
833629345
834226227
834928041
835003284
836361271
837071893
837951080
838164630
838503395
838871674
838924066
839118319
839173697
839690610
839807597
840211904
842190702
842502341
843328041
843473546
843744504
844452212
845622232
847038298
849651337
850295550
851290206
851391843
851690837
852381900
852394575
853091474
854697535
856178689
856670872
857103470
857811536
858381127
858400283
859860738
860203779
860759543
860909467
861293996
862172932
863553963
864987083
867000381
867432777
867905430
868242523
869137405
869956904
870546006
870740114
871249749
872559024
873334047
875392142
875911822
876261096
876852510
877251317
877513058
878451034
878511126
879123928
879302185
879764909
880091864
880216081
881563763
881968479
882036817
882402178
884155443
884487453
885129246
885204740
885345714
886972067
887284788
888995881
890241358
890333408
893104415
893122823
895266360
895374453
896420693
896624699
898720579
900556943
900608193
900709189
903403578
904946968
905199341
905204164
906342293
906939001
909495723
909743316
911173037
912727174
914103789
914189177
914529759
915242113
915461841
916972306
917049640
917974060
919203005
919729426
920430955
921050905
921322440
922792336
923026258
923241490
923414186
923577717
924720246
925329487
926777217
927444624
928185833
928711093
930396520
930695859
931478971
932108805
932567569
932772284
933126481
933166714
934206953
934598062
935602451
936827162
938392452
938646512
941361477
941461901
942156044
942608492
943509508
943836670
944471586
944504637
944630677
945361615
948810244
949665174
949949284
951106724
951460586
953792122
954466531
955008345
955237737
955316693
956081303
956314575
957223803
958149177
958821299
960167470
962870979
963779245
965623210
965797085
966450909
966804864
967155891
970267215
970482731
970797378
971149384
975504612
975798703
976629644
976727886
977991722
978493147
979068735
980318915
981398483
981719916
981834167
983026524
983292588
984619560
985484978
986527005
987233226
987960404
988038403
988782253
989604987
989948506
991082036
992352635
994197650
994461193
994863052
995418885
997202764
999374665
999594157
999602654
1000411526
1000659501
1001866171
1002255420
1002396944
1002872111
1004458905
1005055526
1005826229
1006321553
1007467225
1008707249
1009517518
1009981347
1010736760
1011044786
1011462670
1011765246
1012515773
1012757328
1014907572
1015127566
1015517344
1018784700
1022290030
1023018175
1025540406
1026282150
1026562297
1028188486
1028581992
1029430291
1030370738
1031451149
1031739591
1031939088
1033100560
1033804411
1034038841
1035310718
1036013921
1036290448
1036755953
1037756602
1037776654
1039151301
1043231038
1043648140
1043852537
1044586934
1045244596
1046323425
1046829301
1047132583
1049967080
1050173548
1050563477
1051357817
1054542858
1057560268
1059517801
1059563648
1059855905
1060064823
1060071630
1060263726
1060688111
1061454535
1061655964
1061799872
1062389285
1062474490
1063738533
1064385541
1064995569
1066233577
1066500304
1066603702
1068682880
1069765136
1070647289
1071778573
1072204851
1072603145
1072707914
1074451585
1077764050
1079357415
1082600079
1082737754
1082807627
1082894416
1083459954
1084212086
1085772230
1085985384
1086071467
1086490538
1086595469
1088241953
1088341440
1088857725
1089445563
1089900615
1092687660
1093263474
1098147570
1099367116
1099523610
1099780742
1099881128
1101788965
1102105090
1102172152
1102514462
1103961836
1106085949
1106610425
1107687175
1108718199
1108932393
1109461842
1109529577
1109689333
1110591481
1111800945
1111825163
1111958869
1112012387
1112198615
1112681694
1115214206
1116643632
1116910455
1117981421
1118308400
1118608547
1119368920
1119542447
1120094231
1120432646
1123258686
1124796251
1125247642
1125288212
1125596292
1126373988
1127357633
1127566196
1129007330
1129333319
1131266477
1131450890
1133369761
1133732975
1134852381
1136431776
1137316006
1137660143
1139363773
1140254905
1140467447
1141068291
1141444756
1142692589
1142785492
1143391712
1143467578
1145481239
1145547203
1145649564
1147313697
1147431918
1148322213
1150345722
1151253508
1151393560
1151603691
1154009598
1155989913
1156181334
1157045524
1158447251
1159968203
1161058793
1161411138
1161842214
1165797504
1166162260
1166280834
1166888529
1168255683
1168395443
1170406348
1174686807
1175187353
1175996760
1176239795
1177392255
1178748178
1178883501
1179003222
1179719418
1179959895
1180343744
1180957318
1182537270
1184016066
1185483632
1186475342
1188749969
1189125299
1189143376
1190574573
1191015759
1192696695
1193055655
1193951687
1194908001
1196417990
1196962391
1198787484
1199624090
1200919182
1201217328
1202312167
1203903893
1205257389
1205347475
1205843701
1207963408
1209013310
1209085743
1209999572
1211316948
1211961677
1212343404
1212927004
1215600103
1216432107
1216756328
1217797343
1218110838
1218366853
1218865432
1220261641
1221375450
1221741233
1221778172
1225729047
1225999390
1226599072
1226607638
1226811133
1226861507
1226865822
1228572718
1228665614
1228674559
1228981557
1229760426
1230690996
1232202346
1232222948
1233085219
1234183581
1234974864
1235165194
1236155085
1238032604
1240884999
1242517213
1242541541
1242645238
1242957411
1243008576
1243097493
1243430475
1244374576
1245607479
1246457138
1246779549
1247925293
1249127313
1249753778
1249919406
1250990430
1251172408
1252192892
1255550354
1256267367
1258362462
1258435207
1258884618
1259944497
1260024459
1261536905
1261550077
1261939967
1262784265
1263807382
1263883910
1264016231
1265999051
1266724012
1268057526
1268705317
1269460643
1269639391
1269917434
1270086863
1270146152
1271300000
1272926066
1273740677
1275746490
1276685904
1279307785
1279560977
1279794062
1279828383
1279969742
1280746175
1280904367
1281537837
1281746321
1282525678
1285644648
1285977917
1286446416
1287527157
1287701763
1287723640
1290025490
1291204258
1291556423
1291727084
1292749997
1293612210
1297402132
1297900502
1298008380
1299029422
1300805753
1301784169
1304230638
1306366567
1306463414
1308903272
1309031560
1309582037
1310229597
1310607169
1310634710
1312168263
1312455266
1312525020
1312788391
1312813709
1313303478
1316676013
1317256772
1317274402
1318492133
1319141731
1319244406
1319733651
1320029551
1320043785
1324396594
1324864638
1325337941
1325457132
1325940479
1327058247
1327564293
1328478580
1329020992
1330068510
1330155938
1331565307
1331867727
1332328304
1333732086
1333916616
1334678976
1335346820
1336737874
1337498988
1337503564
1337949491
1338844391
1339126131
1340413481
1340544240
1340562807
1340778638
1341866848
1345025361
1345613742
1347553255
1347629420
1347819012
1348108097
1349087025
1349401883
1350749839
1354245413
1355218306
1355273401
1355304974
1355860030
1357233516
1358248305
1359603350
1360484337
1361323002
1361902923
1361970326
1362621256
1363342524
1364812278
1367635583
1368021818
1369721612
1373382537
1374089509
1374121569
1374998300
1377669372
1378304624
1380577067
1381984141
1382636366
1383258321
1384427403
1385344312
1386196897
1386607343
1388481684
1388814239
1389327336
1389397258
1390117601
1390848068
1391681946
1393462044
1394030224
1394044592
1394525346
1395200482
1395560536
1396801041
1396928718
1397417177
1399556701
1401526493
1403736111
1403998034
1404036831
1405049165
1405195762
1406036226
1406309662
1408159601
1409389025
1409609776
1412561070
1412915599
1413431823
1415758124
1416271835
1416452902
1417856289
1418176785
1418702809
1419739895
1421374839
1423294118
1424171485
1424180039
1425327848
1425550765
1427526549
1427607340
1428170462
1428688580
1428986930
1429886021
1431149868
1431871563
1433622155
1434544610
1435183865
1437679187
1437760128
1438161658
1438175313
1440370673
1443099837
1443578003
1445813262
1446623878
1446997529
1448022223
1448847340
1448955605
1449997546
1450567636
1450828353
1450830543
1451061099
1451250093
1451777934
1452456776
1452471130
1453354378
1455402779
1457510995
1460410157
1464149041
1464383178
1467162957
1467198159
1467288011
1468365826
1468515557
1469391229
1469413494
1470859593
1471271708
1472223829
1475191598
1476511903
1477739778
1478249329
1478900361
1481482173
1481685040
1482068324
1482436980
1482456171
1483051840
1484867495
1486392381
1486458354
1486607693
1487526520
1488937415
1490056563
1490550225
1490693629
1491202669
1492304909
1492592771
1495571005
1496439321
1496972154
1499775788
1500059116
1500238535
1500280733
1500314364
1501300056
1503046711
1503110008
1503258415
1503328041
1504838790
1505388822
1507060974
1507621104
1508061446
1508168492
1508249830
1508483502
1509880151
1510525817
1512881383
1514551455
1514578002
1514654628
1517006341
1517387367
1517729899
1518172975
1518476932
1519750059
1519939477
1519976311
1520894618
1523457337
1523522446
1523899810
1524323888
1524829556
1524864264
1526147931
1527493148
1528464298
1528894212
1529000423
1529111459
1529487272
1529940289
1530519859
1531145733
1531166693
1531519578
1531870830
1533502379
1533967523
1534302524
1534856265
1535101469
1535473238
1536617786
1538185371
1538620688
1538940255
1539935713
1540656486
1541640814
1546339561
1546961033
1548324647
1548943427
1550460876
1551264280
1551416654
1553376934
1553871029
1554158284
1554408665
1554835906
1555550841
1560925275
1563327574
1564082756
1565677524
1566733560
1568538772
1568886109
1568949400
1569160078
1569400226
1570167037
1570388133
1571616746
1573320542
1575887239
1576263375
1576496808
1577497944
1577757078
1578513667
1578661688
1581401980
1583751708
1583852169
1584547129
1584610320
1584709136
1585072685
1586046173
1586174131
1587134080
1587171758
1587847101
1588192050
1588274751
1588474519
1589381219
1589782415
1590973298
1595488258
1596528657
1597117318
1597887965
1598344216
1598345930
1599313722
1600378699
1601885476
1602156958
1602852413
1603043110
1603104106
1604980808
1605459400
1607300460
1608715670
1609165772
1609443604
1609977244
1610437110
1611068948
1612742516
1612899379
1613563095
1616753319
1617642623
1618556742
1619183151
1621732648
1622092658
1622143703
1622227898
1623041817
1623338647
1625951516
1626798970
1627868834
1627993141
1629765003
1630673280
1630690235
1631360820
1631655892
1633570794
1633917699
1634171552
1634255147
1634729044
1634944092
1634968760
1635306152
1635577470
1635751986
1636666743
1636668542
1637190879
1637566501
1637575434
1638417800
1638728195
1640446989
1641230790
1643503911
1644053013
1645812813
1646093366
1646481163
1647654509
1648192083
1648440496
1649334977
1650055540
1651696989
1652210137
1653711142
1654113416
1654521623
1654945599
1655028057
1657412049
1659523749
1659930526
1660376932
1661493459
1661729756
1661861453
1664959825
1665350026
1666195004
1666320339
1668494601
1669088005
1669130410
1669635508
1671473780
1672235213
1677671221
1679434885
1679476120
1681026388
1682432380
1682670588
1682781417
1683129962
1683818845
1683927671
1684310904
1688167583
1688568991
1689743183
1690246946
1692358303
1692779752
1693289524
1695607889
1695957310
1697544252
1698266953
1699352319
1700126138
1700858740
1701676269
1701710492
1701774753
1702402509
1702415179
1702889358
1703292976
1703533547
1704441040
1705043504
1707859748
1709294788
1709383796
1709760885
1710282662
1710835128
1711141072
1711199905
1711846976
1712206890
1712453251
1713807277
1718486830
1719006235
1719375665
1722632247
1723393699
1723692771
1724638564
1725014657
1725626931
1726399438
1727436264
1730949483
1731388098
1733748384
1735836560
1736095699
1736738906
1737383149
1738081006
1738918707
1739859986
1740259548
1741961775
1742709329
1742851627
1743360171
1744313824
1745226450
1745362165
1746172042
1747382102
1747422644
1748941008
1750655071
1751139615
1753173657
1754634047
1754975667
1755300062
1756085930
1756935598
1757013494
1757284492
1757784771
1759431141
1759910291
1760668263
1761596013
1762431204
1762760355
1763303304
1764426348
1770151765
1770555207
1770977427
1771661327
1772088999
1772154463
1776777228
1778475285
1779340935
1779940223
1780138745
1780176345
1781986926
1782430050
1783852313
1783853439
1784772370
1785252278
1786574052
1786793988
1788138232
1788696606
1789906942
1790891359
1792836121
1792953079
1792966543
1792971715
1796156992
1797351121
1798673034
1798763728
1799123361
1800569514
1800618216
1800878110
1801085369
1801833259
1803375939
1803824899
1805122202
1806739232
1806775648
1809093988
1810518209
1811627450
1812018438
1812227780
1813163659
1813834147
1813894166
1814450006
1815205618
1816135919
1816363403
1816662191
1816950394
1817173155
1818019911
1820015979
1821892346
1821899309
1822076850
1822227858
1822286613
1823374886
1823865301
1824523462
1825124277
1826989493
1827250285
1827501455
1828808601
1830947194
1831913927
1832951350
1834564629
1834569410
1835867663
1835920292
1836167345
1836190048
1836544225
1838294193
1839081365
1841365156
1841589748
1841784189
1842139718
1842637846
1843102227
1843371814
1845134128
1845245308
1846703450
1847041601
1848130686
1848226029
1848821119
1849377055
1849709898
1850167418
1851512535
1851689533
1852366551
1852658700
1853846708
1854257486
1855344195
1856132458
1856193090
1856639355
1857533743
1857759476
1857975362
1858255525
1858939502
1859937514
1860405122
1862932289
1863068769
1863074809
1864985644
1865094818
1866792505
1867640160
1869091412
1869717634
1870601729
1870922460
1871817334
1872847784
1875678177
1876313524
1877053517
1877614762
1877810548
1877828040
1877948459
1877998669
1879424224
1879951959
1880677322
1881561124
1881752510
1881790309
1882988801
1883918867
1884403891
1884460311
1884582443
1886289452
1886341654
1886814409
1888776794
1888802107
1893174356
1893213513
1894132983
1894547647
1895768054
1896193376
1896547266
1896711012
1898159286
1898916812
1899898511
1901338278
1902319287
1904207277
1905080625
1905428847
1905513742
1906333791
1906749893
1907768683
1909901437
1910401021
1910857928
1911522233
1911582622
1914825651
1914872639
1914892690
1915315956
1915452582
1915462807
1917022027
1918561896
1921000894
1921750111
1922499405
1923981963
1924338090
1924895666
1925958908
1926740776
1927190557
1927211665
1927594420
1928690219
1929637740
1930705680
1930824395
1930865616
1931596092
1931623116
1931769892
1931976950
1932256927
1932504884
1933125126
1933217297
1933609121
1933824621
1934530718
1934868438
1935064429
1935316819
1936894456
1936926288
1937130586
1937404608
1937882514
1937898165
1939610333
1940820184
1941419138
1942888582
1943320543
1944392029
1945012714
1946606273
1946852788
1946879768
1947389706
1947410639
1947521770
1950203006
1951048949
1952104731
1952202101
1952893295
1956662716
1957939541
1957989125
1958225015
1959963205
1960634268
1961328133
1961792494
1962044478
1963507902
1963738732
1964562318
1964859483
1965194411
1965382160
1965386680
1965753151
1966008840
1966365094
1967740910
1968150511
1969399136
1969715774
1970110411
1971375644
1972165444
1973144796
1973426309
1974771388
1977073369
1977680356
1977757483
1978432202
1979305336
1979668701
1981926336
1981961109
1985507244
1987839419
1990199189
1990459565
1990460881
1991526422
1992119717
1992785003
1992889826
1992924140
1992960611
1993763294
1994549945
1995289003
1995369048
1995431336
1996668739
1997586020
1998466637
1999204777
1999539311
2001449555
2002299699
2002909674
2005985845
2006463752
2009893431
2012461990
2012625332
2012738913
2013998307
2014369268
2014448063
2015091669
2015450682
2015922512
2016658799
2017639426
2019428666
2019476148
2019754151
2019842069
2020102899
2020226183
2022103908
2022269118
2022637359
2023183651
2023282365
2023615285
2024031317
2024833789
2025222886
2026008583
2027457366
2027735259
2029592393
2031086851
2033472871
2034187671
2034419917
2034591683
2034707899
2036322146
2037207483
2037331385
2038291496
2038861756
2039128482
2039259396
2040481915
2041563416
2041803724
2043962888
2045362615
2046954381
2048130962
2048150630
2048974942
2049111953
2050545681
2051502407
2052023665
2052792943
2053551167
2053728026
2054913734
2055740479
2055875616
2056673980
2056844402
2058449461
2058568721
2058851079
2059301677
2060848946
2061560276
2062627973
2063874056
2064782065
2065529812
2065617957
2066007344
2066170703
2067204755
2067280500
2067351266
2067783446
2072434536
2074259411
2074962317
2076988586
2077572571
2077579336
2078574360
2078764548
2078901849
2080370008
2082405770
2083987196
2084940862
2085375036
2085636653
2086741372
2087115623
2087482005
2087484915
2087814388
2090692420
2091209729
2091592622
2091982586
2092541190
2094084643
2094416121
2095941510
2097076848
2097557097
2097720527
2098675609
2099400007
2099881089
2100011548
2100929932
2102183233
2103979130
2105906731
2105995670
2106320850
2107142062
2107692541
2108000948
2109750569
2110060036
2112763280
2113728591
2114148023
2114286465
2114533022
2116752195
2117189758
2119682458
2121498083
2121904838
2122387649
2122427173
2123037127
2123998837
2125357568
2126045639
2126323382
2128593057
2128843161
2129110436
2129793673
2130593983
2130952353
2131768874
2132216011
2134175591
2134454742
2134524756
2134570954
2135228332
2135232551
2135803786
2136083030
2136370479
2137616359
2138029819
2139280722
2139845113
2140144780
2144331579
2144369811
2145149285
2145172213
2145970653
