612650
724057
1706674
2867743
3764032
4842223
5959464
6678582
6808067
7298831
7887771
8325488
8629167
9066373
13005445
13140584
13338134
13436455
14812287
16224222
16667871
17405015
17494608
19566259
20300926
22291595
22742626
23080510
23238772
23397221
24279893
24590806
25078141
27155634
27764605
28196999
28246128
28371846
30254009
30408249
30938140
31128336
31785226
31958506
32202721
32533350
34194423
34366853
34473310
36279444
37468359
37698911
37887209
37962285
40339537
41390475
41749134
41780972
43285791
43614497
43839227
44343113
45048688
45344583
46410520
46704793
47602901
47868074
48571680
49393872
50233815
50955204
51146126
53833841
54705077
58424787
59554903
59567137
62440286
63410565
68049170
68157325
68210118
68599540
68801186
69142299
69579788
70506281
70569242
70730819
71096740
72790378
73856710
73973166
74970335
75178966
76686779
78999425
79371790
80972810
82259182
82276151
82957824
85183220
85599233
86641560
86752124
88120917
88615529
88777763
89044816
89738833
89861794
89914878
90064065
91461454
93383564
94160972
94309245
94620275
96107934
96502073
96658460
97476774
97477023
99872481
101117622
101698775
103032001
103301633
103681683
103939687
104245770
104812861
105811346
106151329
108165366
108992967
109405695
109504125
110123409
112112804
112345648
113686549
114227033
114828175
116264100
116380528
117061545
117255694
117703191
117744527
118300261
118784398
120450347
122296823
123097129
123745648
124661776
125805183
125860984
127703432
127904005
128885184
128891018
129016989
133017376
133773778
134537053
135284304
136241026
136325303
136326426
136877309
137023858
138859185
139094575
139508233
140280410
141784642
144727719
145750056
146625263
147687628
148298279
148740879
148906639
149069085
150100159
150476535
150747336
151569479
152678360
153651839
153670734
153942119
156204034
157169567
157212411
159866923
160559876
162045303
162140010
162850759
163517949
164255211
164495699
164568417
167289843
167348849
167551792
168170261
168716302
168896449
169672508
171013173
171445172
172233621
172676815
174307954
175869549
176881544
178066790
178902932
179325771
179421169
180064157
180762714
180894346
181061649
181589204
182078088
182734608
183136463
183695258
184276698
184745473
186250254
187155472
188003543
188116250
189344821
190108332
191629345
191652555
193092650
193379553
194045965
194692170
195170362
196062638
197033229
197140892
197770942
198639459
202200329
202341226
202546633
202562814
202703230
204187118
205630640
207657743
208406384
211045916
211243109
211381622
212251972
214165709
214220378
219654087
221583105
222096422
222101614
222185450
222771800
222821898
224651177
225479861
225694096
227082011
228204227
229010864
230465385
230800280
231587593
232285158
232803887
233065606
233134685
238895212
238981079
239288856
241044835
241312125
241693908
241740246
242485567
242501060
242530650
243140383
243253684
243490599
243615104
243980070
244662359
245050485
245905572
246491310
247664008
249479616
250507511
250713862
251971087
252490826
254060224
255424601
255870868
257207614
260726210
260943103
261421741
263755773
264967799
266224048
269565863
270570459
270885673
270888137
271218578
272052294
274348644
274796484
275304200
275433323
277873736
278040291
279092053
282151756
282299304
282307253
283646720
284218832
286914000
287163825
287266229
287376725
289750267
290620256
291303500
291577316
292539704
293199277
295176371
296409865
296850536
299595553
299818922
299861696
300676379
301022612
302521605
302575714
303809389
303889174
303912690
304967599
307500447
309201026
310482800
311253538
312085455
313459791
315316047
315909627
316962525
318682053
320297322
321595119
322333108
322702918
323184070
324157256
326735688
328175156
330884783
331605824
331735268
333063725
333184180
333890538
334977570
336765795
339029571
340878095
341022187
341380694
342869137
343271220
344879826
346188554
347127870
347210502
348067114
348416087
348509765
348814061
350221472
351112718
351749029
351913274
353034897
353271619
354595875
355547804
355627852
356598934
356606371
359249634
360396505
361214267
361889306
361981641
364635590
365027029
365213961
366477474
367729284
368489872
369191005
370547439
372235905
372258595
374121479
374763847
375307157
375841825
376372970
376591436
377637339
377838121
378583872
379349445
379490463
379951233
381062955
381306129
381475421
382284414
383093746
383244976
385629501
385919233
386203826
386879155
387934640
390669506
391554323
394969147
396990380
397368106
399575901
400573460
400834221
401054491
401460753
402545177
408405422
416436830
416570764
417387931
418937194
419250413
420023504
420789888
420858442
422333779
423214645
423866011
423867805
424281663
426258598
429104297
429425674
430148734
435105033
436128420
438035659
438426921
438687295
438845645
439690475
439953114
441422121
444660210
444813540
444844816
449082690
449407450
449899953
450239708
450554380
451993449
452345879
453136688
455880751
456907086
457499050
458269873
459553417
460174737
460500965
460980617
461600825
462031607
463375910
464639829
464753874
465430686
465898094
466018234
466044076
467894158
467926530
469872623
470526392
473892851
473971639
473988905
475317423
475384145
476202021
476315584
476815530
476949296
477048797
477807592
478409488
478450649
478921153
482736300
482999799
484355344
485360743
486631287
486796327
489879460
491479196
492534963
493327546
493701215
493941521
494686259
494725623
495958528
496778466
497489078
498930561
499679694
500094461
500102527
500169985
500886505
501547568
502260108
502490677
502763027
503488114
506989453
507212316
507264614
507439187
508795883
508860524
509172107
509400430
510355967
514346818
514626032
514915067
515067030
521181090
521348388
522174206
522763527
526302948
526610144
527340082
528112035
529462177
529952800
530816145
531177634
531211617
531369109
532788164
534298098
535069005
535834644
537668908
538315199
541071396
541204000
542444124
542485000
542806699
543312689
543346077
543370685
545826222
547503095
548176325
548220124
548757501
549200244
553589885
553876193
555498978
556682406
557006059
557028396
559710026
560230154
561397634
562068303
562474243
562765484
562787255
563053613
563145476
564274922
564391539
564550989
565675526
565924377
566502420
567142747
567860296
567954131
568650344
569867302
571326321
571538237
571588947
571910605
572799203
573074699
573716000
573892286
578581091
580951657
581418743
581951910
582369673
583384256
583508879
583521233
585786188
586498190
587239640
587623070
587950245
588526426
589119304
589676872
589679962
590163650
590258735
590879818
591385822
592010461
593054675
593353906
593531722
595637414
595883237
596343097
598367922
598488522
599443673
600929201
603204425
605694990
607085694
609557920
609711225
610287222
610708999
612376085
613130346
614163784
616236874
617014227
617265495
617600399
618567542
618653456
620767357
621482569
622104862
622488205
622520004
623128151
625420568
625598003
627054864
627245160
628280316
628749592
629512933
630673780
631571414
632218627
633970815
633976688
634309648
634754843
634876415
635834020
635861202
635999328
637228064
637376121
637466274
637847494
639846722
639997162
640562600
641638344
642217060
642892738
643146735
643396273
643819073
644843800
644941279
645073004
645823834
646368865
646445791
649188503
649459493
650707950
651252470
652594686
653237819
654231816
654577111
654693598
656393139
656573189
656922495
659528744
660365372
661238003
664413797
664431561
665176384
665802721
666334990
666683408
666854993
667293910
668562626
668712391
669415275
669818892
669995785
670289586
670541809
671536742
672201479
672721047
674887943
676222546
677105520
677176392
677915278
678106113
683803464
684517763
685294942
685352416
686137296
686577542
686851419
687164475
687649744
687839569
688044367
689031592
689511393
689640949
689919101
691172706
692600936
693861296
694075141
695710725
696704121
696938449
697226765
697377034
700361153
700435110
701996271
702087781
703408062
703830321
704470650
705079202
710542689
711668212
711786395
712556951
712905118
713517393
713814931
713833277
714062401
714694403
714774667
715570618
715699859
716017523
716910252
718898427
719048844
721616134
722270010
722752949
723391609
724160280
724545397
724928547
725398082
725766491
726121076
726231716
726826189
727222993
727817140
727834329
729505388
729691910
730247635
730758932
730835480
731141163
731155748
731872968
732799478
735244419
735810252
735893419
736076315
736490454
737929281
738031178
739370883
739659669
741170783
741339462
741798047
746460267
746853004
747006249
747412397
748299511
748598669
750868687
750951447
752240947
752575082
752712389
753602808
754638118
755438966
756878363
757055331
757977228
758417044
758777355
759408246
760218809
761107514
766385417
766996323
767070889
767710534
769455595
769566067
769763162
770451212
770595829
770849693
770891799
771725932
772352518
772543463
772729382
772805847
773278860
773781138
774247311
774465824
774684288
775442368
776037189
776496496
777370794
778060369
778501492
778936291
779877618
780054847
780750133
780811361
781832910
782588372
783654868
786865742
787229075
787230931
787626283
787635626
787754554
789387405
789423233
789439922
789763035
790667812
790715523
790894332
791828047
791843542
793314231
793663496
794293751
794295705
794331325
795758568
795867104
799027732
799084142
801725295
804164756
804871593
805231377
807547083
808858965
810325988
810470702
810937956
812457584
812888244
813231397
813350900
813404797
814369250
814561890
815294788
816588998
816730091
816792918
817028933
819487029
819656173
819807483
822677418
823991183
825585929
825995164
826050304
826133222
826329010
826627856
827208722
829401080
829925429
830300824
831892540
832453747
832735951
834521250
835702996
837990436
838163066
838990379
839671804
840079177
840786349
841059678
841847213
842291929
844685813
845147669
846879526
847201208
847831736
847991283
848045704
850486515
850699035
852026395
852567686
854224798
855442537
856278627
856824759
857086506
857638991
858956615
859037432
859973343
860103510
860967198
861038194
862640139
863201620
863373591
863517514
863551511
863593375
864093640
865012512
865178767
865370117
866908040
867208911
867615235
868449127
872137462
872577921
873008650
873389456
875530783
877061749
877601217
877898057
879881650
882524746
883225966
883537821
883808521
883928563
884003873
885162048
885260325
886813506
887140305
887981761
890944159
891595214
891706751
891957368
894651289
895348598
896695439
897349405
897468869
897643447
898925393
901866083
901975561
902639237
904965673
905427268
907131307
907498522
910378329
910446270
911148536
911607570
912776455
913218085
914279184
914559253
916639387
916794976
917022867
919091199
919988259
922466132
923190235
923586547
923725828
923784633
924717932
925421052
925813143
925964801
927018426
927892521
927998377
928039352
928247897
930917236
931689426
932188863
932675234
935111964
937010446
937452269
938009838
938328528
938478705
938855277
939061088
940935368
941503259
941750610
941778848
942563984
943809035
946284331
946332494
947740273
948600642
949149889
950028718
951523644
951575470
953169441
953580095
953707080
954365946
956905612
957148786
957163703
957515765
958352644
959081365
959232953
959624756
960214131
961028904
961739069
962158252
962277689
962716552
963028036
963051153
963779438
964148119
964625860
964805246
965197370
966580185
968648565
969121369
969258770
969900597
970149508
970496809
970592787
971618783
972370835
973128651
973542340
973792051
973961371
975088162
975703637
975846178
978116624
979119203
980970967
981591467
981672987
981708671
981802956
984865421
986403318
986942697
987897854
987929990
988152084
989437769
990286524
990329030
990337687
990566448
991062975
991821460
992617620
992957136
993084796
993269347
994845612
994946245
997484202
999075385
1001081933
1001122010
1001651424
1002137629
1002386639
1003418637
1005358905
1007396916
1007483870
1008285717
1008848389
1010405628
1010679443
1010876236
1011764408
1011935611
1012297024
1012952651
1017373242
1018554929
1019039337
1019404249
1019570905
1020125393
1022699389
1023197166
1023532108
1024267263
1025745243
1026026052
1026291536
1026772438
1027028449
1027671377
1029685760
1030659982
1031583620
1031999702
1032265199
1033054677
1033861602
1033980048
1034410392
1035003825
1036254954
1038265338
1038609356
1038652771
1039047672
1039624253
1040748020
1040765650
1041199267
1041313816
1041370692
1041440779
1041669225
1043263951
1043479326
1043503554
1044298782
1045067661
1046374416
1046605861
1050005937
1050691970
1050743486
1051666222
1052480971
1053427465
1053523565
1053643725
1054883407
1054920751
1056101688
1058378790
1058477844
1058967699
1059427946
1059888327
1060424857
1063473942
1063899999
1064603113
1064677611
1064998029
1065658196
1065808824
1067378840
1071537429
1073188819
1073776901
1075640159
1076240885
1077704889
1078151354
1078893322
1078924921
1079449228
1079939538
1080289140
1081566835
1081733548
1081867376
1082068498
1082270722
1082913658
1083084178
1084809082
1084855147
1085718563
1086581033
1086969723
1087355325
1088130500
1088422860
1088676804
1090101999
1091178916
1092528300
1094023731
1094469843
1095556869
1095736133
1096374645
1096805518
1097354535
1099558874
1099980286
1100452912
1100823409
1101810452
1102161586
1103294918
1104534486
1105393008
1107195273
1107195274
1107253392
1108864981
1109242264
1111459529
1111601164
1113967328
1114620938
1115180145
1117080707
1117879334
1120877155
1120892391
1121017522
1122238166
1122414665
1122813080
1123095135
1123805885
1123840627
1124171781
1124811666
1124938955
1125799185
1126999968
1127661171
1130355076
1130580313
1130707982
1131084515
1131471270
1132717896
1134434626
1134485608
1138253899
1139019349
1139821440
1140160042
1140498713
1142212791
1142571583
1142707452
1142900389
1143009134
1144155040
1144438269
1149797211
1149853830
1150955897
1151313156
1151664558
1156487585
1157913209
1159911891
1160684066
1160957995
1161703083
1163330802
1163998168
1164570806
1170461967
1170661183
1173164590
1173197055
1173351623
1173357432
1173844034
1175312517
1175474764
1177961067
1178281504
1178310755
1178573746
1178666807
1179665581
1180163996
1182478902
1183152393
1184179811
1187145235
1187878670
1189365552
1189725645
1190540935
1191162458
1192540539
1192973084
1193313381
1193904444
1194172290
1194182281
1194663355
1197113670
1197904923
1198404056
1198455959
1198916890
1199111072
1199191570
1199809111
1201095372
1201459717
1201649458
1201964658
1203666666
1204524279
1204668173
1206358636
1206701448
1206933336
1207508511
1208743370
1209653946
1209718407
1212602797
1213661368
1214203361
1215198887
1215304547
1215608601
1217790906
1219061676
1219391232
1220416688
1228189186
1228267177
1230753887
1231227264
1231680486
1231760579
1235427774
1236235748
1236625941
1237131107
1237660160
1237808971
1238739586
1239266236
1239626203
1241402104
1243440259
1244799934
1244914857
1247068262
1249799374
1249860486
1250921026
1250975013
1251196630
1251683370
1255630876
1255767024
1256090457
1256281864
1256319485
1256753299
1257103499
1257392813
1258196436
1258315194
1258463809
1258608137
1258703426
1259033318
1262119260
1263613265
1263660686
1264493506
1265021275
1265832660
1267599347
1267711691
1270333109
1273394082
1273397937
1274489374
1274795658
1277965706
1278471536
1278700188
1279087712
1279650744
1280152085
1281335850
1281519520
1281712730
1282135004
1283047798
1283399040
1283691931
1283942949
1284840431
1284950358
1285337691
1285361640
1286003042
1287218003
1288249887
1289075167
1290812566
1291333518
1293204097
1293431073
1293451342
1293530785
1294380957
1296081889
1297139053
1297318524
1299419201
1302376557
1303195393
1303965670
1306264611
1306291665
1306974280
1307492636
1307654865
1307712252
1310479987
1311186929
1313207717
1313619265
1317001910
1317593356
1318751714
1322193259
1322435614
1322499993
1323574057
1324375692
1327764438
1328012287
1328540966
1331323917
1331533894
1332288048
1332819223
1333089967
1333281194
1336175842
1337008974
1337061404
1339668862
1339864032
1341034605
1343723860
1343997713
1344192182
1344492291
1344753028
1344936959
1347750391
1349973323
1350789197
1351845309
1352055298
1352904376
1354605712
1354805950
1356333584
1357177451
1359678178
1361261563
1361450302
1362710494
1364526467
1366788081
1366810486
1367747183
1368145046
1368231628
1370095058
1371602016
1371954611
1372231374
1377428831
1378087216
1378222018
1379187885
1379469445
1380256312
1380903585
1380933775
1381863092
1382616512
1383554008
1383950951
1384263009
1384327594
1385021640
1385300047
1385899743
1387889570
1388867512
1389283473
1390133159
1391107501
1393586119
1394309898
1397534038
1398347666
1398792910
1400820435
1401095056
1401990093
1403874874
1405931010
1406677555
1407961594
1409990518
1410266854
1411510964
1412800705
1413455151
1413761465
1414136988
1414804960
1414805454
1416146276
1416732012
1417070278
1417388060
1417993038
1418602836
1418916224
1419384861
1419456400
1419826031
1420043819
1420694391
1421105993
1421220297
1422001641
1422877141
1423090073
1423191471
1423365623
1423617918
1423851031
1424589451
1425967935
1427016985
1428236559
1429363550
1430335854
1430853110
1431254806
1431459427
1432909122
1434114930
1434200729
1434253826
1434261615
1434840860
1435601541
1436696895
1437571037
1439424329
1441890969
1442381245
1442809906
1442963384
1443131017
1443508777
1443688939
1445317843
1445829045
1447482002
1447789044
1447939825
1448947305
1449748010
1449865340
1451347242
1451883803
1452671116
1452955953
1454565484
1455476746
1456326500
1456960197
1457180334
1457762716
1459064188
1459321147
1459432899
1459737805
1460115633
1460975414
1461618649
1461883539
1464080527
1464311810
1464647918
1465481005
1465632178
1465832422
1467284660
1468458692
1468776013
1471773881
1471881885
1473338640
1474107576
1475268596
1477809363
1480296191
1480842005
1482247844
1482434723
1482625508
1483038106
1483312048
1483365757
1483399450
1483473470
1484438185
1484925672
1487314068
1487335570
1488896687
1489801565
1489893265
1490993676
1496158676
1496609479
1496982260
1497109480
1500746627
1504187060
1504896618
1507558792
1507748745
1508154972
1508471738
1508940048
1511000602
1511465386
1511549533
1512391135
1512885985
1514303025
1515038213
1515854167
1516247155
1517061013
1518859578
1521297500
1521434208
1521467728
1522795996
1523274814
1523497286
1524801700
1524936473
1525082162
1525222248
1526659769
1527245613
1527443647
1529040677
1529105386
1529533202
1530048442
1530335275
1532412429
1535264319
1535634351
1536290639
1536350808
1536465229
1537276954
1537730157
1539071393
1539260495
1540861901
1541711022
1543221484
1543526708
1544101829
1544142325
1544954162
1545013226
1547792896
1547970242
1548135566
1549873428
1550346714
1550569977
1550662442
1552095995
1552174780
1552424875
1552990528
1554338243
1555983609
1556050718
1556421609
1556577163
1556920902
1557678825
1559296647
1560843625
1561411179
1562224355
1562716915
1563218251
1564877805
1565545082
1565871648
1566759955
1567626336
1568247076
1568756771
1569543242
1569956793
1570105008
1571314682
1572465219
1573328582
1574370881
1574879437
1574886430
1576701206
1576887281
1577605706
1577629575
1577932917
1579543240
1579653923
1581532905
1583156706
1583759869
1583892072
1584573300
1585448476
1585449689
1586464589
1587572350
1587732848
1588229908
1588892821
1589507363
1590134906
1590171699
1590288469
1590542128
1590798163
1590998161
1591141130
1591507517
1592705600
1593811761
1594300430
1595418676
1595746446
1595761709
1596778454
1597510259
1597693978
1597827679
1598063090
1598140548
1598947114
1599066644
1600927323
1602947480
1603412643
1603593687
1603856831
1604877796
1606384703
1607620364
1608904941
1610647824
1611923881
1612297738
1613052854
1613156301
1617149816
1618257110
1619288872
1620407328
1621178135
1621263374
1622035928
1623338837
1625271293
1625607113
1626407929
1627828984
1627952355
1628067744
1629118199
1629719173
1630793200
1631103186
1632374207
1632822598
1632828046
1633570863
1634255205
1634387656
1635409592
1636377373
1636492442
1639876585
1639991623
1640023893
1640865592
1642247408
1643070560
1643240202
1643692184
1644086488
1644989077
1645160422
1645335086
1645553787
1646483323
1646538497
1646891948
1647056938
1650884889
1651173379
1652768391
1652838290
1653999049
1654537536
1654828413
1656156877
1656266314
1656573902
1656921567
1659134410
1659292798
1660065305
1660739529
1663482837
1664565319
1665529830
1666630548
1667934310
1668543978
1669590586
1670130516
1670212847
1671714241
1674342049
1675124770
1675785005
1676606198
1678658501
1681268895
1682364535
1682405887
1682462484
1683149406
1684206604
1685058899
1685598072
1686529607
1686973753
1687543365
1688914035
1689168357
1690438521
1691470971
1693025680
1693865842
1694473031
1695044214
1697509445
1698356300
1699236249
1699871585
1701249199
1701393439
1702492834
1703807656
1707249365
1708280438
1708677454
1708910616
1709172100
1712140697
1713383115
1713627678
1714937965
1715222279
1715761670
1717440635
1718265432
1718496562
1719851281
1720191962
1721244319
1721979399
1722215272
1722233466
1722685359
1723609893
1725716593
1725729078
1727134448
1727454932
1727719529
1728270601
1729117487
1729685931
1730442497
1731032600
1736485281
1736511572
1736835562
1736880082
1737152875
1739129530
1739699423
1742684872
1743113740
1743114964
1743233001
1744866332
1745161509
1745463014
1746956216
1747126792
1749300210
1749721506
1749731925
1750066535
1750654575
1751356667
1751816880
1752562487
1753831093
1754296569
1754847016
1755085236
1755652406
1755841318
1755884499
1758466428
1759162291
1759175014
1760765272
1761998305
1762149245
1762418800
1762708737
1763784776
1764022023
1764580523
1765802904
1766583710
1766714135
1767205760
1767375676
1767818547
1768542616
1769576630
1770056485
1770825708
1771562214
1772875099
1773226510
1773344923
1773556007
1775050831
1778137483
1778539921
1778735127
1778822617
1779305320
1779813327
1780831035
1781087365
1781204408
1781520103
1782134897
1782685620
1782923899
1785682727
1786736896
1786794182
1787357796
1788573106
1789509815
1792100103
1792673120
1794737561
1795205136
1797536341
1797730333
1797800089
1801839610
1801944535
1803118642
1805044778
1806660372
1806816533
1807345017
1809392030
1810629564
1810779158
1810790354
1812226366
1814334497
1814902654
1815655230
1816231425
1817246169
1817627647
1818410823
1820190130
1820948992
1821360481
1822103471
1823374215
1823942977
1825052359
1825547785
1825778945
1826518816
1827590580
1827638157
1828201750
1828685440
1830135322
1831312221
1831762327
1833917651
1834994300
1836096238
1836253319
1836788450
1837591109
1838354751
1839027229
1839584690
1840886024
1844762931
1845118559
1847616731
1847664507
1848421409
1849299182
1849504438
1850097057
1850510929
1850627333
1853350227
1854184378
1854610228
1855535137
1856079120
1856556236
1859139870
1859749793
1860694893
1861377250
1862329545
1863811412
1864455926
1865931874
1867733201
1868478096
1869547387
1869595302
1870108733
1870394383
1870458682
1870842623
1871433447
1871481278
1871755502
1872869779
1875009702
1875042856
1876457200
1876480669
1877042968
1877539307
1877896983
1879153333
1879178815
1880691557
1880947799
1881529068
1881540461
1882156262
1882842682
1883383449
1884727750
1885012471
1885506937
1886189878
1887215340
1887297831
1887619602
1888304507
1888401338
1888525108
1891720900
1893041883
1893534080
1893735305
1893874449
1896904333
1896975727
1897243403
1897372234
1897808149
1899033063
1899140550
1899529958
1900060733
1902071324
1902891179
1903513765
1904524924
1905466977
1905545905
1906159040
1906167881
1906290558
1906443557
1907117822
1907396542
1907989449
1909047750
1909282498
1911282849
1911384980
1911405968
1911608192
1912325400
1912851443
1913013627
1913244272
1914567232
1916364802
1918594794
1919299451
1920015994
1920335991
1920874780
1922352584
1922540813
1923219485
1923235549
1924890842
1926366249
1927229893
1927520083
1928566965
1928976636
1929617995
1929923808
1930336256
1930716685
1930800943
1931706910
1932117898
1937802794
1938199269
1938734341
1939391593
1939629694
1939980311
1940866382
1943600818
1943888721
1945586868
1945926812
1946014847
1946268480
1946517876
1946578363
1947156107
1950261749
1953166169
1953347081
1953535258
1954092324
1954773989
1955733542
1956325109
1957389066
1958125623
1958835243
1959260438
1959749515
1960051471
1960762002
1962257011
1963482897
1965254294
1965697582
1965802873
1966844986
1969666080
1970164644
1970936917
1971781136
1972963933
1974268551
1974359340
1974900470
1975226326
1976468752
1976954624
1977266631
1977674998
1978153848
1978922191
1979149448
1980415700
1981622128
1981652229
1981925312
1982342453
1984050844
1984801338
1985460710
1986217125
1987438635
1987508937
1987613050
1988029961
1991287856
1992263439
1992469237
1992523210
1993124810
1994138115
1994204072
1994277673
1995593119
1996405081
1996544302
1996591160
1996736937
1997300901
1997341796
1997840335
1998720109
1998904767
1998967001
1999199019
1999203090
2001675202
2002162547
2002823032
2004156684
2004298313
2004841068
2006511206
2006680381
2007333741
2009187208
2010126680
2010172784
2010734289
2011772834
2012470126
2013953535
2014978376
2015379363
2015621688
2016571705
2016605773
2017529231
2018668069
2020169431
2020931433
2021525781
2022697506
2022967968
2023677990
2023730306
2023787595
2024175182
2024679853
2025164850
2026489047
2026710613
2027360739
2027588212
2028590186
2028685354
2028735263
2028771901
2029041822
2029840600
2029945891
2031994581
2035232715
2037060952
2038480112
2039772453
2041337077
2043070217
2043913352
2045293411
2046504192
2046879623
2047245297
2047431648
2049001090
2049681049
2050840542
2050942809
2051624777
2053644439
2053759244
2054138968
2054808814
2054868247
2055037662
2055671131
2055885124
2056304542
2057269765
2058025941
2058166553
2058316520
2059968645
2060043227
2060291479
2060767260
2060902299
2061634092
2062426398
2063059901
2063086432
2064588181
2065070099
2067107234
2067243879
2067485110
2067962208
2068737416
2069445382
2069896652
2070232008
2071110858
2071372848
2073022795
2073866881
2073979591
2075515318
2075873862
2076068349
2076562960
2078954243
2079442231
2079454113
2080854921
2081162881
2084379833
2084449245
2084608077
2085412633
2085468877
2086669226
2089256214
2089542827
2089683845
2089753156
2090848246
2092351144
2092513425
2093019226
2093582720
2094011476
2094347561
2095258419
2096340361
2096559081
2096804059
2097069052
2098328263
2098777847
2098935400
2101075160
2103112283
2106489130
2109707788
2110305462
2111000613
2111507650
2113250473
2113959805
2115442410
2115491844
2117838538
2118317165
2118500709
2119307664
2121057619
2122044769
2122789633
2123619064
2123863643
2124463633
2126900383
2127444446
2130126386
2131542486
2131572757
2134504500
2135687187
2135748082
2137026385
2139052734
2139260677
2139985269
2140148746
2140849402
2140931916
2140987498
2141789737
2142819932
2143712206
2143747588
2145408956
2145645920
