59959
1124913
2510777
2514415
4506656
4569159
5536851
6606467
6804892
6989221
8340578
8742354
12133905
13915775
14837973
15132491
15853822
16438881
18337081
18837605
19052202
19481414
19580210
20594611
21291341
21971207
22771718
23353756
23594359
23960802
24218156
24940673
25320007
25863158
26257573
27080346
28745342
29378194
30803170
32247948
32677489
34653982
35131122
35260630
35711303
36700219
37037504
37899896
38022801
38483484
39125763
42420168
43279653
44515630
45443891
45481737
45764531
46362599
46720466
48142920
51609810
52847462
53544036
53688051
55414548
56819072
57996875
59431950
59979492
60188726
60626869
61689923
62714719
63854353
63915956
64840217
65397809
65922665
68034594
68407106
68488268
68955587
72293213
73674738
73687442
73954218
74173744
74404915
76144650
76155778
76561460
76674491
76897257
77430811
78093164
78323179
80335638
80395890
81575305
81763880
81926324
82429011
83651075
84212311
84227061
84294672
87954731
88814008
91039208
91885398
92959658
95737964
97789133
98044676
99285675
101503515
101913134
102166295
102793114
102927523
103459689
104573794
104767024
105834468
107354519
107417660
107791961
108985282
109173223
110422922
110839863
112688889
113540604
113911507
113963125
114528815
116693843
117849817
118811164
119023988
119181594
120457803
120797540
121256718
121691416
123150556
123888433
124605433
125033857
125465784
126797553
127185822
127189887
129406934
129540786
129731708
129858593
130459795
131340327
131474362
131948953
132163239
133000574
133458769
133494622
133496529
133825059
134875813
135481419
137875346
139049070
139310330
139545317
140375617
140802624
140827675
142302562
144834338
145654530
145697490
147041712
147812822
148758244
150475355
152498537
152617219
152893486
154224241
156430659
157395658
157591854
160454487
162112357
162948542
164326843
164604267
165210048
166724143
168081364
168698252
170353941
171622962
177661502
177937292
178375630
179275161
179378963
179430949
180675974
180788384
180877547
181626414
182578586
183764021
184022440
184974637
185218592
186516779
186720868
186938022
187136748
188762435
188796082
189148049
189662793
190029655
190208826
191174009
192368102
193553214
193935700
194259599
194388339
194390163
197474051
198531209
199224915
199853213
201240655
201409172
201803180
201856854
203017184
203365335
204456461
207695763
208164844
208205340
208566033
210124763
210684781
213830981
214133400
214278008
214857310
215246989
215315811
221776145
223479302
224045223
224667287
225371467
226316072
226823953
226971840
232311621
232488516
233653786
233882950
234053125
238459615
239384767
239855623
242501302
243673155
243857176
244215937
247074532
247152548
248003062
248228517
248533083
250376202
250762522
251572376
253355396
253538202
253931125
254899665
255283381
255405169
256122830
256384788
258124218
258130659
259538727
260023186
260427734
260439491
260456984
260695365
261874866
262874109
263615882
263656537
264323647
264809231
267961018
268063623
268572737
268636345
268828928
268909985
269085438
269176985
270088759
271753980
271946552
272535641
274260667
275919468
276838072
277243199
278715507
279167317
279821554
279950400
279955121
279963169
280555252
280678541
281039074
281280144
281583914
281711682
283068977
283092223
283824708
284646798
284758690
288082612
289730050
290941191
291778446
293871436
295083705
295180435
295476742
296725466
298996530
299753670
300255725
300701183
301714640
304134405
304266740
304675748
305009013
306862877
306976760
306988438
309740818
310230224
311168431
312079130
312454013
312498914
313235570
313849333
314204273
314237372
314241409
315081892
316344919
316767642
316979217
317700740
318039475
321130805
322081537
322456729
323260791
323969992
324071203
326888707
326943517
327169021
327813509
327888430
328065206
328180685
329040023
329095444
329243592
329273113
331445398
331936030
332345365
332762724
333660638
334279337
334317038
334752615
335137130
335623316
336234974
337383807
339275970
339795911
340360678
341406398
341682116
346058390
346662000
348192076
348677049
348717213
349623167
351617010
352848541
354937110
354978120
358819604
358889335
358990239
359002171
359747168
363203564
363321656
363360094
363899743
364294774
365031926
366286616
366683081
367338201
368019662
368209497
370286966
371134535
371160708
371664304
372459974
372896616
373428619
375028405
377326462
377796250
377847215
378640565
378812210
378997435
379445494
379501673
381217897
381569467
381645296
381784666
382704596
384821570
384924222
386605433
387984742
388751201
389855860
390941790
391195483
391230391
391234034
391510589
392283399
393389946
393923745
394393831
394658076
394890015
395070856
395579859
396394356
397674386
398020852
398141442
398670820
399528547
399559461
401691586
402370234
403601387
403942677
404722179
405653286
406432077
406543407
408317488
408358428
408627882
409893220
410618998
410851660
411116600
411193914
414736854
414845240
415300294
415538998
416248201
417058704
418317362
420605850
421359284
421434122
421932325
422560901
423996477
424713146
425157392
425472521
426309690
427051182
427120050
427571169
427659229
427905439
428583439
429012128
429549168
430052530
431002696
431340950
431706953
432959077
433410713
433991902
434080079
434610008
435436884
436253330
437387946
437771252
439750816
440777948
442794909
443059272
443538340
444671515
445614789
446904182
446906122
447092474
447204821
448458349
450174583
450309132
450639387
451512957
451614523
452343555
452827266
453127828
454100408
454318285
454675396
454719186
455741235
456266065
456894934
458905416
459295881
459461006
459570585
459874996
462103063
462170087
463441377
464414412
464562398
464663354
465250228
465486880
466251329
466693157
468101789
468510192
468831733
469919661
470550234
472464338
472686451
474811152
475520701
476505524
476669579
477082543
479214920
480349258
482611387
483293889
483518213
485154248
485712938
487050075
487412148
488029027
488148158
488547945
488763111
489442958
489657647
490116349
492250758
492373344
494379137
494628553
495990196
496187756
497182611
499544943
499739777
500445938
502151125
503735265
506032794
506463552
508454726
509347992
509393547
509535696
510291179
510880502
511159959
511282804
512723409
513059472
513124931
513855064
514541641
514827161
516107988
518209730
518715383
519838549
520035178
521260266
522073819
523527909
525042605
526288774
527440234
527559000
528112869
528639533
528853849
529810693
531532869
532008046
533575696
534071818
534599655
535552529
537402154
538146608
539263642
540400830
540435976
541775219
542637191
543493510
545100492
545374452
545715760
546033583
546616222
546957699
547198786
547374295
547627680
548055493
548106659
548464706
548492055
551086940
551349718
551485446
551936644
552142556
552265306
552547411
553115006
553781902
553950710
554235766
554430859
554665209
555460064
556113470
557739604
557934707
557949025
559277068
560238839
561363841
561947669
562526801
564654264
567218080
567619081
569961453
570319888
570543486
570713839
572701511
573842809
574765451
576488620
576746005
579230456
579324079
580352843
580693389
580871220
581453584
581673223
582098151
583079893
583579157
583618190
584144399
584981271
589130145
589862841
590759790
591155391
591727269
592802772
594332701
594661785
595038636
595417005
596235066
597460898
598276596
599647707
600867223
600933076
601696457
602758641
604311023
604702667
605367529
608103427
608765223
609329102
609871164
610130811
610935796
611255788
611305903
612820936
613622448
614039691
614295682
617529845
620749708
620967974
621478572
624018328
624363540
624704148
625570262
626287745
626542515
629986163
630584406
630880727
632656425
633377968
633778269
634046252
635168341
636121824
636163885
637618365
639275807
640476860
641604641
642742571
643037658
643988941
644321854
647540637
647785095
647807886
647883210
649091021
649907110
651464810
652695698
653177215
653805361
653811676
654434804
654913844
654960580
655141106
655538849
656390142
656392211
659243975
659635020
660536818
661973287
662273950
662626816
663180976
665925332
666224094
666638621
667881989
669986410
670449930
670898850
671436436
672810474
673709770
674181032
677238441
678083135
678829809
679240768
679240964
679835594
679880978
680044531
680987507
682232154
683330103
683550321
684433323
685517190
686536928
687068766
688912244
690561653
690699555
691153042
691527240
691805767
692565089
692597320
693288491
696859927
698940630
700985192
701804007
701865841
702543912
702688525
702781465
703330005
703601893
703641693
704598148
705263764
705486377
706148414
706159514
706861147
708593161
710134505
711388997
711469619
712290201
713421665
714454903
714878955
714881341
715640830
716840198
716984318
717317365
717902694
718453539
723065319
724797216
725647779
727786017
727992724
728673848
728885714
730947774
731062537
731856355
732356004
733105604
733172245
733390033
734182811
735888097
736643110
736797795
737444758
737626489
738682530
738983127
739461253
739702330
741080072
741184261
741584419
741753855
743111067
745278223
745545316
745678669
746585023
748944880
751023630
753213920
753846403
754365780
754417088
755669210
756933422
757460259
759235862
760843092
765145967
765783174
768484823
769565687
770542129
770592245
771119123
771551816
772852987
773064483
773112217
773128086
773251390
774293170
775405289
778112496
778288241
778957480
779102389
780218768
780964968
780990663
781752799
782069183
782303086
785349324
785595281
785780496
785963201
787460924
787670380
787769198
788190031
788913259
789747629
791069457
791071606
791874589
795161599
795926497
796545948
798969625
799576100
800833462
803773841
804362424
804423235
804906707
805146138
805724693
807390997
808062314
808583102
808636135
808796782
810024886
810489478
810672760
811118708
811943689
812669519
813173989
813488381
815666193
815846202
818244342
819102072
820451081
820603875
823123700
823459597
823956689
824555846
824818059
824851377
825083911
825459449
825470359
825674999
825863673
827401468
827449509
827802259
828483094
830166853
830170744
830690035
830995601
832338133
834855444
836081131
836280262
836374210
836856742
837652068
838275046
838398579
838476440
839031958
840124494
840215232
841456028
842608184
842680707
843457412
844182987
845128705
845384572
846179014
846314278
846707846
848214291
849443422
849549105
849718282
851272741
851363946
851439586
852128136
852272094
852647640
852947934
854302426
856027155
856411408
857498658
859277506
859320389
859606640
860043315
860367578
860374758
861028097
861176662
861191795
861614904
862564170
862963904
863470168
864195819
866045497
867502875
867889760
867978885
870858474
870991830
871311606
871321623
872785855
873949368
875802077
876238270
876826473
877183486
877276903
877419109
877431852
879676371
880117715
880306692
880561719
881140743
882822558
882981150
883188720
887761491
888809609
889373650
889420348
889765154
889810045
890153018
890602785
890639352
891374864
892148768
892605095
892788793
893027920
893596711
894442531
895304547
896288872
896565894
897777007
899493090
899933039
902446252
902827502
902934008
903044558
903717168
904421128
904699447
906342905
906657206
906712985
906905825
907221874
908010044
908530253
909253809
909408982
910350559
912033294
912175495
913064567
913989666
914174480
916540825
917648760
918138671
918252916
919323889
920312060
920607246
921492850
921616362
921935167
921992811
922410752
922782588
923471744
924629486
927004724
927237440
927742889
928006203
928547317
929958073
929981007
930331136
931354342
931764174
932721965
934299715
934483656
935415072
935620282
935906736
937028643
937207916
938352755
938843395
940305131
942783280
945525323
945553175
945895636
949650164
951058324
952483116
953292005
953815069
954162055
954642928
956118394
958038617
958118746
960497914
960865562
961295200
961737859
964917320
965892166
966584331
969076596
969224870
969986705
972347181
972614047
972937486
973308445
973984441
974231074
977282883
979637126
980820805
980926294
983950908
984052304
984257958
984864914
985510722
985872775
985949109
987108543
987559240
988051796
988738719
989270285
989686086
990244633
990414625
991786091
993036484
993591285
993867597
994578693
995630749
996163458
996456325
997220126
997536543
999344594
1000259185
1000378564
1001423597
1001606440
1002374808
1005366959
1005416131
1007311083
1007756522
1007945299
1007954137
1008521684
1008866546
1011074399
1012645395
1015823956
1015941443
1018612029
1019275021
1020017809
1020986216
1021823296
1022475216
1022794840
1022840570
1023023809
1023558621
1024640913
1024673893
1024749300
1024939125
1025490058
1025747800
1027495125
1028056167
1028612313
1029191236
1029234789
1030687661
1032832948
1033607534
1033799579
1035473357
1035776603
1036421129
1037517753
1038184665
1038533702
1038985981
1040320237
1041659622
1042588385
1043845539
1044003382
1045254186
1045892656
1046831273
1047088277
1047132211
1047572247
1048126140
1049530919
1050323384
1051280064
1052859309
1052912651
1053012797
1054193915
1055423114
1055684804
1056168878
1056725636
1058002400
1058063496
1059835387
1060066630
1060704668
1061566731
1062394810
1063419782
1063558719
1063701075
1065850855
1067013782
1067585343
1068028857
1068252813
1069474672
1069878573
1071396495
1071546257
1072596944
1072773370
1074691501
1075161179
1075373063
1075465534
1075702268
1076075240
1076390189
1076597093
1076785820
1077668631
1077851904
1078053082
1079487802
1079718344
1080068504
1080733582
1080789888
1080963649
1081065563
1082787874
1082856021
1083381902
1084017678
1084682727
1085625191
1086152556
1087664861
1090200178
1092689496
1096377443
1097982880
1098816784
1099020154
1099153890
1100750801
1102849339
1103040763
1104565897
1105895170
1106467062
1106972468
1108022810
1108267128
1109105992
1109198095
1109248733
1109325421
1110028189
1110799643
1113996924
1115119782
1116506555
1116786702
1117366597
1118241707
1118629717
1118688877
1120421447
1120930874
1122219528
1122629937
1123578651
1125048709
1126094464
1126263564
1127702554
1128620595
1128875932
1129353007
1129980428
1130230555
1132120795
1132211660
1132258827
1133300140
1134395997
1134540551
1136700163
1136816014
1137357929
1137746856
1137859233
1138976084
1141176184
1143878934
1144384745
1145883939
1146361663
1147975522
1148012521
1148435706
1148440698
1148472951
1149286267
1150183820
1150737569
1150891734
1152485185
1155336498
1156483912
1157610317
1157621928
1158388323
1158711370
1158864222
1160004700
1161883253
1162559582
1163066671
1163874134
1164797973
1165292522
1165362742
1167388758
1169371847
1170250167
1170323651
1171894659
1173924455
1173961569
1175043516
1175786513
1176964985
1178605533
1180547200
1180774566
1181001781
1181105104
1181148778
1181757821
1182391893
1182649672
1183195735
1184047478
1185537009
1186158272
1186581351
1187300799
1188058971
1188421719
1189209055
1189220032
1189521684
1189808105
1190375338
1190922981
1191168277
1192177783
1193655533
1196391464
1196796959
1198178217
1198481811
1198633183
1200152473
1201355422
1201745223
1201797717
1202000211
1204474212
1205720763
1207888191
1209233365
1209849250
1211386881
1212029004
1212256144
1212583981
1212773637
1213182783
1214081539
1215760748
1216202333
1217360473
1217908732
1217994429
1220105278
1220163658
1220872768
1221349638
1222558426
1223037135
1223816642
1223993861
1224212278
1224285934
1224993771
1225118297
1225529990
1226188060
1228243302
1229546035
1230994320
1231508076
1231743179
1232280559
1232399363
1233337546
1234859846
1235320049
1236587056
1236845190
1237539586
1239446984
1240822091
1241208092
1241278747
1242854864
1244867771
1245965947
1246506632
1248230854
1248893502
1250425359
1251428584
1252008770
1252286454
1252761906
1254611200
1254818264
1256158980
1257271968
1259895537
1260446428
1260788414
1260947119
1263090194
1263685732
1263771220
1264322593
1264406083
1264619479
1264648761
1264680948
1266483301
1267650824
1268448079
1268547045
1268829792
1270593702
1271803368
1271809782
1272791114
1273318516
1275011606
1275402895
1275485690
1275802343
1277925256
1281426505
1282346796
1283261034
1284266756
1285149687
1285778774
1288340880
1289315921
1289735568
1290366629
1292019306
1292310911
1294470262
1294593167
1294609240
1297391223
1298139150
1301853544
1304241179
1306221840
1307286429
1307636234
1308216202
1309875148
1310464604
1310498617
1312183785
1312955659
1313830102
1314714247
1315146797
1315802756
1316069046
1317587730
1318016466
1319102090
1319346298
1319423719
1320227198
1321190245
1321497110
1324210084
1325354668
1326727492
1328483360
1328985496
1329589675
1329642205
1329672204
1329868684
1330922983
1331058376
1331495141
1332115872
1333497458
1333844172
1334044596
1336356027
1336854329
1337323320
1337332705
1337410520
1339186000
1339828239
1341548103
1342758233
1342817846
1343438349
1345634675
1346023765
1347726542
1347876152
1348177891
1348683279
1349746980
1349796567
1350867698
1351832674
1356647315
1356737517
1358210881
1360184962
1360756868
1361803778
1362069529
1362197524
1364543805
1365733798
1366454657
1366587731
1368745965
1369604603
1370411978
1370684188
1371921081
1374085464
1376563421
1378280234
1381024450
1382094607
1382107349
1384375628
1384455963
1385871139
1386959630
1388525707
1389179647
1390819031
1391033184
1391225408
1392884419
1392944941
1393423586
1394319276
1394660534
1394719404
1395017453
1395863820
1396028145
1396099963
1396298386
1396867086
1400307693
1400641556
1401500045
1402586163
1402976707
1405638614
1406407159
1407148887
1409086437
1409088896
1409505223
1410095142
1410440015
1410754398
1411811762
1411830020
1411889371
1411911873
1412628288
1413578187
1413693692
1414713944
1416424777
1416699500
1418310173
1419064698
1423337532
1424018470
1424306710
1424672467
1424723980
1424790398
1425021750
1425179123
1425395617
1426004088
1426127228
1426680951
1427657223
1427857310
1428652409
1429937684
1432717322
1433256619
1433761512
1435714845
1435821218
1437011062
1438587247
1438796718
1438896383
1439262658
1439587202
1441788013
1442036432
1442450478
1442676325
1442783920
1443031979
1443650589
1445757017
1446046958
1448853291
1449092266
1450315018
1452074449
1452230268
1452406636
1454215489
1454931082
1456322444
1456403833
1458740918
1461361276
1461402561
1461519983
1463868340
1464916602
1468126470
1468449916
1468513884
1468549419
1468680551
1469780758
1469786264
1469943953
1470586377
1470712257
1471294869
1472616669
1474570452
1475603852
1477364501
1477476693
1478225327
1480738572
1481616101
1481827954
1482422880
1482435764
1482659037
1485512861
1485948378
1488025945
1488350668
1488579668
1489096429
1491803202
1492225338
1492827390
1493189162
1493512593
1494091213
1495258118
1496607522
1498986862
1499744126
1500448292
1500705149
1500981308
1501104416
1501374287
1503284291
1504187015
1504303600
1505783969
1506605143
1508237145
1508276366
1508319686
1509791739
1510316917
1510745975
1510926337
1512377680
1514530830
1515356750
1515364201
1516399172
1518175577
1518203138
1519711464
1520341873
1522151289
1522245048
1522729200
1522958366
1524035459
1525440173
1525761935
1526240145
1528375155
1528754377
1529471638
1530118201
1534854602
1535611846
1536322515
1537493418
1538158757
1538239783
1538766342
1539984102
1540736797
1542258472
1543069230
1543827456
1543877982
1544746681
1547664798
1548248021
1551109642
1551450245
1551540814
1551677065
1551810124
1553838372
1554316206
1554427921
1554599976
1555541052
1556608008
1557880303
1558987338
1559204731
1559395986
1559761386
1561071337
1561518102
1563757411
1565748143
1566351133
1566607566
1567233643
1570210718
1574985134
1576032766
1576606076
1576634819
1577663389
1578320046
1581222936
1582464263
1583025617
1585022479
1586786544
1588746253
1588750595
1589139273
1589287287
1592648782
1593055089
1597807518
1598305937
1598789036
1600101474
1601022502
1601039694
1601290866
1602070546
1603215843
1603222620
1603830412
1603876709
1604509300
1605265274
1605431149
1605827048
1605872005
1607375630
1607886694
1608802921
1608923977
1610289061
1611038454
1611206508
1611409955
1611430756
1611709962
1612862751
1613304260
1613853518
1614247302
1614696491
1616902697
1618780955
1619276917
1619756097
1619963305
1619964378
1620176345
1620583693
1621159408
1621509431
1622517792
1623064754
1623105766
1625197822
1625484070
1626205946
1626397852
1626589873
1626629627
1627038930
1627812824
1628122736
1628549087
1630478838
1631159489
1631240518
1631971462
1632443928
1632743194
1633858228
1633986603
1634269136
1634391160
1635315992
1635906118
1639216620
1639235652
1640637330
1641487635
1642879149
1643192100
1643742567
1644052799
1645887981
1646028215
1646383047
1646615096
1646757822
1647360450
1647601566
1647678161
1648928045
1652095409
1652284825
1653170007
1653819643
1654033095
1654062169
1654224108
1655857242
1655860289
1656993851
1658961833
1659447090
1663385686
1663908717
1664000394
1664538647
1667526684
1667717732
1668400631
1670720427
1670980250
1671318577
1671640219
1671962907
1672899402
1673301821
1674400817
1677641540
1678031332
1678462575
1679693206
1680817991
1680857386
1680962218
1681437283
1681919096
1683018189
1683094889
1683285393
1683295616
1683304980
1683979967
1684418100
1685166377
1685592607
1686088775
1687203404
1687451020
1687950752
1688525277
1688670935
1688861683
1689007368
1695980151
1696036209
1696796956
1697527309
1698010092
1698313035
1698455145
1701010160
1702183887
1703268314
1703584811
1704193862
1706998454
1707556058
1710942059
1711348586
1712248429
1713607997
1713629106
1714188581
1715015056
1715359705
1715705376
1716970351
1717181784
1718541174
1719160917
1719626078
1720365737
1720680053
1722052055
1722754790
1724351183
1724368777
1724892003
1725768541
1726416059
1726879856
1728986329
1729634693
1730810092
1731033833
1731538744
1732055973
1733327651
1733456948
1734844914
1735976953
1736126873
1737836033
1738294622
1738656561
1739072696
1741099538
1743136291
1745202602
1747368104
1747935297
1749078293
1750389694
1750568208
1751082129
1751240297
1751285402
1752330485
1754266797
1754806066
1755142500
1755484719
1756409164
1757139515
1758414723
1758995597
1759927278
1761241886
1761856532
1762997763
1763288143
1763774651
1763780300
1763945647
1765199106
1765780873
1766299941
1767102295
1767299932
1767933881
1768267688
1769963960
1771527538
1771622706
1771745053
1772165742
1772352302
1773623593
1776125084
1776298430
1776801508
1777742162
1780488231
1780680332
1781293345
1781618636
1782681624
1782953172
1783818691
1784016161
1784272292
1784776761
1787391880
1787624119
1789040346
1790122232
1790200092
1791032092
1791214136
1791755227
1794420094
1795125058
1796139727
1797353776
1797751170
1801313090
1802021677
1802319896
1803003244
1803103783
1803405368
1805135537
1805436217
1806327239
1807947720
1808432442
1809194536
1814906797
1815285619
1815791921
1816656905
1816720061
1817003480
1817680372
1818872824
1819999649
1820635349
1820978610
1821135808
1821198524
1821525806
1825299447
1825584268
1825626863
1827803536
1827892496
1828736342
1829264643
1830485939
1831121899
1831212226
1831577597
1833036182
1834022608
1838169323
1838294593
1840218315
1841331212
1841794090
1842223353
1844908095
1847694917
1848007783
1848546003
1848936484
1851604053
1851944744
1853501060
1854850241
1855347317
1855755608
1855838473
1858652497
1859099308
1859942130
1861510778
1861735626
1862865651
1864256297
1864924699
1865012100
1867440919
1868077287
1870119311
1870352768
1873229645
1873702431
1874118540
1874717921
1874855994
1874968781
1875473508
1879290991
1880224535
1880399242
1880400618
1880434856
1880586246
1882314241
1883319362
1883641413
1888190943
1890358592
1892806860
1893250009
1894039753
1894422596
1896228400
1897072582
1898856210
1899425054
1900830136
1901367913
1903468385
1905383506
1907261184
1907587783
1908810911
1909138681
1909185901
1909599054
1910396828
1911705331
1912437674
1912483030
1913262803
1913604058
1913654080
1914943668
1915575711
1915857648
1916498862
1916552463
1917236283
1918228987
1919343773
1919928022
1920300068
1920785104
1921424143
1921523974
1922925505
1926854432
1927627735
1928543637
1930461719
1931521962
1931658807
1932786186
1933783010
1934827158
1935135967
1937438275
1937578371
1937636571
1939532750
1940871987
1941940194
1943150289
1943456892
1944122488
1944634668
1945920925
1946689961
1947392111
1947719932
1949617990
1950480896
1951024999
1951094213
1951439901
1954927839
1955568343
1959327451
1960747072
1962733323
1964619723
1966221365
1966473056
1966694353
1968250696
1968574236
1968624168
1968992752
1969813511
1970642726
1971660435
1971846332
1972074799
1972852642
1973665412
1975633353
1977279207
1978606834
1979069930
1979245958
1979368433
1979628762
1980043145
1980215746
1980242948
1980991044
1981481835
1984685703
1987149481
1987582142
1988043939
1988086472
1991451216
1992903820
1993169586
1993439444
1994987520
1995646433
1995853466
1995973662
1996477872
1996520410
1996711920
1997271173
1997276368
1997794413
2000208134
2000764361
2002836895
2003573989
2005389547
2006198967
2006235948
2007912023
2009036170
2009152477
2009899601
2010304677
2011043660
2011802831
2013000996
2013003655
2013302944
2014379692
2015096867
2015107319
2015222681
2015233189
2015854147
2016713803
2017316841
2017372867
2018281163
2018580535
2020212560
2020608105
2020751557
2021438361
2022459238
2023388298
2024746507
2024795301
2025560929
2027717984
2028902717
2030648621
2030863466
2031976109
2032064933
2032650810
2032881024
2035234574
2035251666
2035689118
2036917008
2037509478
2038473291
2039134550
2039246778
2039375054
2039584444
2039726177
2041767901
2041860964
2042013904
2043495252
2049943068
2050230974
2050248724
2050502276
2052536765
2052658379
2054253466
2055056478
2055311622
2056015803
2056094276
2056589580
2057868231
2058243637
2058535040
2058808142
2058918825
2059315050
2060259297
2060635820
2061073910
2061536517
2061632857
2062001270
2062550320
2062880229
2064104828
2064465709
2064645145
2066354387
2066663580
2069114067
2069191611
2069575465
2071806253
2073154122
2073733538
2074930780
2075148530
2075901483
2076871461
2079682387
2081436849
2082324348
2084046921
2085029918
2086560295
2086857114
2087345538
2087820393
2087836169
2090120915
2090280030
2091290421
2091326013
2091924605
2093078602
2093412436
2093755656
2094153231
2096342735
2096358366
2096790093
2096967296
2098594592
2099285111
2099772794
2101941165
2102039045
2102580494
2102746629
2105393288
2106102468
2106166206
2106834779
2107458891
2107485673
2107830291
2108289373
2108338560
2108492278
2108546946
2108640843
2110729722
2111191932
2112888083
2114262825
2114786128
2115245249
2115822502
2117188886
2118569576
2119101878
2119816803
2120958534
2121019537
2121676282
2122318675
2122885686
2123684486
2125341654
2127068598
2127415386
2127626627
2129977366
2131679699
2131771599
2131872299
2132464207
2133300556
2134061625
2134631125
2135864757
2137686103
2137706168
2138919700
2140182696
2140411930
2140512843
2141647995
2142314710
2142485763
2142687211
2144371079
2145160188
2145331755
2145833000
