295052
498707
2447855
2565776
5865115
8529980
9692309
9815443
10913883
11153740
11181685
11394683
12921668
13397745
14430549
15288577
15462060
15870003
16761908
17278818
17494711
17936300
18102627
18229431
22864064
25104545
25941336
26258031
27904397
29008478
29241968
29448594
29475673
29679360
29769657
30224239
30332907
31599648
31667985
32724569
33042830
37101453
39733066
39865054
40065515
41009951
42719540
43018181
43373705
44262959
44402381
44418517
45158549
45451415
45598107
45914785
46449083
46716028
48863442
49246315
49255967
49975318
50526208
50975160
51513861
52350350
53066493
53188741
53543420
54194511
54277348
55450670
55481590
55506533
56059838
57110774
58231865
58584536
58860826
58971709
59042819
60293923
63061845
63237677
65349059
66339641
66340593
66521793
66999907
68614046
68841352
70611885
70640235
71456865
72290754
72717631
74255334
74583418
74954669
76046706
76760948
77107843
77442387
77828092
81502996
81662421
81701132
88281223
88289194
89823297
90062630
91368600
92226384
92936854
95584627
96841734
96918745
97198540
97963180
99017561
99120500
103273744
103359892
104873705
105435748
105958290
106371805
107503676
107845930
114503967
115253292
115268359
116093122
116869041
117130375
118349892
119634769
121616406
121741961
121818264
124278536
125913061
128250179
129969367
130777550
131259104
131294172
131644066
133100772
133632318
134013068
134301230
135683440
136181535
136463202
136661746
137390696
138761230
139349350
140922556
141251802
141668723
142157420
142219852
142250106
145054109
145398198
145771777
145936483
147022704
147386601
147441663
147941442
148051873
148428384
148878421
149346499
149608579
149988842
151723095
152083721
152739724
153733964
154411438
156118692
156365067
158689463
160206169
161454106
161824600
164261923
164574617
164621893
166316123
166802039
166951493
169178324
169199065
169405470
170356535
172724322
172783038
173278291
173675968
173856116
174400677
175110927
175180631
175215178
175422421
176997052
177085826
180362053
180841641
180851877
181348125
181490607
181665774
182076320
182311020
182599701
182975724
183641888
184151153
185097486
187157651
187220403
188002188
189048835
189626646
190192115
190649336
193052139
193760797
193802201
194061658
194069952
195707351
195889925
196280861
196475544
200117693
200395368
200606109
200808320
201403028
202608316
203132368
203951264
204855428
208759232
208861788
209193562
209707923
210164525
210592198
210778933
212716311
213002858
216540458
217470800
217666435
217702346
218690688
218743615
221549834
223396542
224141697
225847745
227180458
227845962
228624973
228809083
228935597
229119069
229843221
230523880
230557413
230934395
231349470
231359892
233826506
236824447
236925749
237683328
239959931
240089842
241062690
241165863
241872412
243388569
243596319
243758393
244963727
245939037
246702119
250228387
251795849
253099519
255706836
257361086
258467690
259030686
259750154
261896097
262015729
262824688
264429099
264847280
265677570
267134080
268311568
268355789
269446161
269462343
270411931
270421450
270567606
271906155
273203167
273843994
274986536
275490257
275645663
277206830
277690924
279090229
280576246
280673590
282213175
282222350
282560443
283571122
285279466
287442338
287854994
288156865
288702507
289917025
290197738
290342491
290935728
291054016
291646462
293741262
296516982
296549080
296629417
297162070
298022619
298702887
299374708
299775878
300017720
300917448
301315960
301364321
302149208
302182041
302696098
303938890
304064947
304597722
304804193
305029008
306086982
306122504
308058198
308446652
308804175
310765485
310846888
311439371
311979080
313262726
313768936
316427723
316602399
319059888
319199657
320823677
323874827
324036457
325399522
326992345
327296687
327389211
328506778
330451832
330755381
331865469
333753321
334109961
334174922
334754289
335281190
335421612
336139391
337445731
337562055
337908148
338695089
339520177
340125104
340776486
342622373
343566995
344951789
345616917
345671669
347994660
348404238
349167647
349363389
349824719
350769142
351768244
353226042
354451644
354457656
355327422
359154586
359504281
360705053
360903157
362587672
363027914
363607013
364160442
366051232
367535761
368520441
368626108
368729662
370417758
371046533
371165740
372374269
373019108
373319776
374615193
374843275
375093586
375592287
375690527
378266992
378636035
379306594
379762360
381447259
382304348
382616229
383098597
383140156
383583153
384084969
384350972
385407436
385674423
386155132
386949017
387232715
388042439
388488096
389892082
390590391
391365115
391383201
391405424
391838224
393227885
394520703
394956509
395017328
395086862
395505025
397498288
398171881
398336563
400014688
400107924
400290579
400376742
400536099
400798000
402569825
403487294
405585739
406511854
406763582
407444375
408028198
408034559
410327896
411970887
412215527
412611350
412823938
413152865
414002389
414649137
416603074
419482885
420330077
420960333
421571167
421854778
423805044
424924600
426880791
430025638
430267839
432112987
432460429
433273812
433823610
433911662
435638457
436653365
438571703
438850857
439701489
440182812
441043261
441762450
442001242
443184592
445168007
445554073
445848644
446448447
447239068
448470272
449776562
450042903
451532737
451730018
452297551
452475717
454118578
454178177
455769521
456055313
456777281
456929981
457042138
457087895
457419240
458151809
459406249
460392123
461207959
462681702
463574089
464860813
465266759
465443435
465496322
465877021
466175488
467528009
467638215
467854337
468437724
469692361
470927319
472479355
472695191
474431591
475520388
475803563
476673852
477011725
477116171
477557527
478532843
478824472
479066918
479909012
482805048
483167254
484838739
486019820
486068259
487822987
488488561
488763037
488870075
489272320
490103773
490282878
492630001
493184290
494312963
495413041
495510645
497909204
498701403
499055517
500798788
502350328
503399306
504137507
504473266
505486165
505528192
506435354
507622339
509203347
510053358
510863135
510889201
510971172
511783345
513621940
513933856
514395842
517276938
518118845
518132334
518400486
518665421
518694152
520086733
523762196
523898320
524263772
524311823
524486022
525431428
526784904
527755973
529350202
530016109
530621461
530969011
531686003
532535507
534345983
538404618
538666143
540411731
540979265
541086832
541193941
541512560
541519315
541958323
542463806
542861119
545521749
545801794
551370566
551465060
551508766
551604599
552298322
552326693
553996797
554089716
554519010
555256625
555862850
556411469
556595547
556621483
556707544
558486599
561113488
561420760
563785363
565128632
566122543
566719880
566823487
567017974
568612410
570787883
570840271
571482696
573522477
576298259
577074784
577888264
578816106
578970652
579417371
580518471
581450315
581914135
584343828
584361382
584528104
584632063
585944454
588099173
589366680
590737277
591464182
592630510
593291138
594357019
595230342
597610916
598116320
599186386
601051395
601274411
603191073
603655854
605043908
605355755
605695882
605802917
605908518
607651165
607899429
608733357
609604021
610241507
611115782
612107066
612850698
613275108
614415830
614572308
614848680
614868552
615559251
615706927
615738611
616535775
617456207
619278305
621037928
621054454
622280364
624508557
624846981
625417259
628332311
628734140
628949269
629287802
629582483
629759692
630501266
631120132
631241384
631642759
631814605
632359897
632422274
632431517
633492375
634287142
635896174
636377753
637735892
637965204
639827662
643524615
643583013
644409302
644660348
645069551
646516773
647362849
647741618
648343397
650880404
652247471
653528796
654074148
654718849
655360137
656407947
656863944
657721878
657771643
658224442
658745298
659443547
661121425
661339333
662036000
662345405
663259654
664792069
665617226
665826346
666040773
666932767
667386490
667427456
668274347
668707964
668970832
669185547
669807458
669958597
672236708
672465579
672615912
672882684
673198716
673432037
677284207
679757883
680507192
680746114
681154228
681642276
681949546
682345545
683009799
683887391
685124576
686651679
686815425
686935533
688204015
689020738
689720803
690771746
692555187
693246889
694487886
694983709
695156257
695423652
697122663
697407668
697509308
699985154
702255450
702708984
704770966
705351017
705685852
707511001
707827723
708628528
709817446
711733486
713448752
714240751
715978090
716001693
719015327
719869047
720209261
721991647
722482144
723525296
724951496
727680015
728189753
729522962
730139140
730226196
731355998
731848302
732149690
732279626
733285826
735622309
736459801
736914765
740930951
741151143
741624391
741652871
741752870
742289329
745358106
745441486
745706125
745941007
746182403
746427009
746891077
748168379
748267988
748308293
748419946
749534305
749670702
750130673
751966953
753358904
753435452
753791706
753961855
754045885
755164972
755363333
757363884
758636669
759383935
760118151
761660840
763533717
764193133
765541694
768553222
768619044
769439316
770527264
770870468
771151977
772528573
773555945
773647837
774297662
775819729
776940362
777309263
778179065
780810323
783437181
784867235
787190896
787660274
788951886
789419731
789990527
792048422
792184041
792443749
792577856
792974519
793263084
795035493
795135665
795993242
797668953
798622567
799608456
800039675
800181530
800933485
801695546
802064963
802554056
803839754
803946238
804292851
805524322
805593401
806944148
808208755
808215687
808791095
810716113
811163699
811178369
811687768
811946208
812277949
813334107
813973910
814863656
816420401
819016070
819520615
819950083
820433529
820940920
820948155
821190897
823852290
823922662
824335457
824645200
826016842
826031258
826598735
828023808
828619292
828659043
829860043
832085714
832508421
832724294
834341685
834580942
835129722
836720924
837474121
838101051
838216174
839444120
839988391
840066586
840371017
840901003
842299050
842319084
842441122
843499187
846423884
846703747
847610631
848630834
849721154
849844564
849846993
850395636
850997160
851545652
852145155
853544737
853744567
854407274
854438189
854568560
854569228
855908208
855972750
856124797
856189037
857116451
857332651
859444614
860075215
860105937
860900673
861435246
865063239
865175168
865326657
866162438
866729634
867536311
867780100
868195517
868287547
868863384
868967380
868980633
869588209
871396949
872594499
872838072
873336355
875021001
876256975
876285126
876789812
877348981
878516572
878843366
879159653
879320579
880171956
880413903
880417175
881717630
884797108
885108964
885752461
886317868
886534785
887152974
888890917
888896768
890926852
891358781
891381513
891424272
893541767
894458259
894825007
897022396
897099486
898026847
898254927
899217107
899535467
899685760
899747319
900487567
900625776
901352657
901664831
902787915
902890816
903358376
903656212
903950974
904272980
905749094
906136621
906728785
906802189
906879108
908045446
908434226
908656941
909436464
910592544
910990963
911290641
911747652
912609761
912699846
913063422
913166576
913806033
914049128
914238981
914982206
916360379
916542403
919207459
919498419
919607802
920496692
920525880
921023188
923600989
923804341
924550772
925202889
925304629
926844856
926988785
927356814
928585601
928931330
930111568
930451653
932194986
932341070
933178091
933221036
934428945
935459474
936117886
937802086
938046681
938397992
938447926
939110727
939741655
940187205
940369404
941155724
941664405
941920247
942374585
942442373
942485901
942916303
943012746
943664470
946044814
946328089
951638533
951696763
951871429
952033539
952313839
952576000
953518164
953812830
953906095
954130415
955173168
957098364
957267120
958688920
959587540
960048899
960435106
962892285
963197586
963787845
964823929
965301199
967515283
967717864
967753853
968705879
968957417
969173653
969270784
969571759
969929597
970198612
972528638
973130111
974048132
974104432
975229850
976485996
976913229
977035967
977040564
977148667
977154139
977937971
977983814
979645030
979737730
979752110
980791757
981473181
982610392
983136184
983320662
983346560
984595957
986801333
988526343
989427005
990120439
990226814
990238192
991084067
992832406
993803774
996600797
999510149
999948977
1002918344
1003018917
1003074678
1003245666
1003273776
1005426491
1006101107
1006710292
1007234474
1007380231
1007557718
1008253931
1009191416
1010278254
1011048512
1012885369
1013078808
1014779809
1015275899
1016423022
1018072971
1019316514
1021966994
1022550593
1023275442
1023756725
1024058546
1024237372
1024742613
1025369060
1026683153
1026722678
1027699282
1028426386
1030927529
1032144308
1032197895
1032352632
1032886449
1033525210
1034861961
1037374563
1039666062
1040197513
1041222412
1041294058
1041445435
1042240516
1042644480
1043768839
1045210754
1045324317
1046916141
1047194817
1048012151
1048988798
1050204537
1050620921
1051949258
1052416037
1053282107
1055143257
1058740582
1059110464
1059226124
1062061583
1062979417
1064282496
1064824447
1065969384
1066223999
1068187979
1069936132
1069969402
1070799315
1071543855
1071643772
1072528023
1072619179
1075290092
1075327635
1076682871
1078297134
1078369737
1079040803
1079223723
1079393545
1079785905
1079931440
1081721412
1084037105
1085995512
1087781032
1088364108
1088783201
1088940208
1088973800
1092302058
1092419748
1092478579
1093782613
1094694450
1094731475
1095403965
1095960559
1096016716
1096557761
1097658768
1099203958
1099441819
1102287395
1102568260
1102826141
1103693632
1103814588
1103840241
1104380005
1104454154
1105376062
1106138777
1106637668
1107228533
1107550649
1108954978
1109337254
1110002612
1110250898
1111277880
1111642014
1111650363
1112201508
1112299402
1115618118
1115843276
1116143357
1116681444
1117788424
1118332311
1119151142
1119333921
1120651333
1121728786
1122316362
1122741612
1122767563
1123663240
1126152103
1126226369
1127531215
1127688893
1128775657
1130268391
1130392308
1130877481
1131342980
1132201661
1132638831
1133040648
1133150339
1134503479
1135676332
1136414904
1136676369
1136852648
1137534462
1138432875
1139341377
1139348686
1139418263
1140366423
1142160810
1142213719
1142686495
1143181907
1145084235
1145279855
1145913729
1146516826
1147420470
1147740328
1148719381
1151787180
1152072389
1152092039
1152175708
1152482387
1153553346
1154022999
1154637320
1154859857
1155475232
1156094466
1156419394
1157474473
1157638783
1157884699
1158217852
1160272430
1162360780
1162439452
1162765139
1162908822
1164002852
1164338101
1165379475
1166474469
1166477154
1167840945
1168512458
1168801098
1168977635
1169060846
1169580497
1169670705
1171604800
1173705305
1174258783
1175846776
1176142926
1177524705
1178537228
1178916953
1179076411
1180255697
1181021705
1182655290
1185304617
1187001943
1188899494
1190520124
1192400702
1192566616
1194917940
1196460195
1196483454
1197003820
1197061118
1197478341
1199535390
1199638296
1201248409
1201517935
1203003608
1206294336
1207166642
1207564772
1207983539
1208155539
1208921092
1210966646
1211695311
1212197723
1215027084
1215453577
1215889146
1217462998
1221237023
1221717002
1222289428
1222305615
1222737710
1222972489
1223431255
1224447672
1226883171
1228030969
1228596506
1228790488
1229297491
1230327836
1230617096
1232277435
1233011187
1235961119
1236732668
1238541274
1240159176
1241267265
1241287746
1242796601
1243280753
1245446951
1245583865
1246104743
1248546978
1249216677
1252261491
1257623673
1258465293
1259386451
1259543919
1260616820
1260717299
1260983140
1261712393
1263216143
1263252876
1263331855
1264202029
1264379054
1264732097
1264925049
1264931755
1266836989
1267777142
1268712768
1268719049
1269346349
1269941150
1270137963
1271313612
1271999430
1273168010
1273527528
1274105234
1275079706
1275232055
1275551427
1277134882
1277947516
1278835684
1278863145
1279422952
1280173285
1283006458
1283124733
1283154264
1284523815
1284779005
1284954608
1285409321
1285537544
1285854581
1286159296
1286498389
1286707572
1287118748
1287222269
1288282683
1292065520
1292843285
1294108654
1294498143
1294576735
1294653115
1294766428
1298035944
1298402515
1298582444
1299287190
1300697396
1301127866
1303069649
1303814362
1304590644
1305196869
1305516690
1305736532
1307661300
1308792322
1311068863
1312405189
1312550083
1312617656
1313387999
1313486799
1317441156
1318859893
1319815947
1321297734
1322022114
1322831552
1323667548
1323775605
1323829194
1323981195
1324792692
1325678538
1326910327
1327357703
1327493846
1327582720
1329609442
1330386384
1330443651
1330663774
1330817467
1331407666
1332659852
1332719564
1334794184
1334957667
1335017749
1335130364
1335989569
1336682446
1338404985
1339384179
1339389128
1341825325
1343107355
1344105157
1345086278
1346225523
1346880603
1348723105
1349906784
1349958236
1350485748
1352043081
1352536323
1353514135
1354033665
1354268037
1354926195
1354974115
1358836370
1358890272
1360855892
1364700976
1365214470
1366229805
1366517280
1367258330
1369153795
1369306718
1369766631
1371657746
1371967404
1372089715
1372371206
1372460949
1373533835
1377522616
1380653141
1380694391
1381377226
1381610036
1381748604
1382592660
1382826268
1382885978
1383784958
1386204405
1386427718
1388189225
1391333171
1391637111
1392117196
1392755150
1393201891
1393338850
1393676375
1393864223
1394355726
1394553056
1394762971
1395797515
1396600569
1397459796
1397721835
1397746633
1401147534
1402094186
1402168380
1402343226
1403440932
1404759415
1405288190
1405497063
1406164338
1407865375
1409083461
1409419343
1410610737
1411270816
1411299094
1411811638
1412168684
1413956742
1414918039
1415154300
1415757624
1415980894
1416328372
1416652545
1416875083
1417006157
1418796752
1420580810
1422237792
1424112319
1424372302
1425232711
1426248404
1428805436
1428965752
1430338134
1431385864
1432098900
1432567589
1433132935
1433836350
1434900569
1436740787
1436845218
1438957210
1438959709
1439060425
1439618052
1439801421
1440637203
1441105079
1441661275
1442760849
1445115996
1446126489
1446159198
1446199828
1446946998
1448195690
1451719125
1451746280
1452007887
1452009392
1452706578
1452855215
1454554708
1454606975
1454715152
1456221519
1458999429
1459697332
1461503680
1462124000
1463306096
1463735416
1464262708
1465235481
1465279077
1465346458
1466232609
1466691718
1467499622
1467573385
1468480929
1470451537
1472889201
1473060890
1473531022
1473661118
1474594508
1475967674
1476315476
1476626440
1477056327
1478004319
1478136864
1478436237
1479094872
1479746801
1479851542
1479930376
1480430621
1480454464
1480667507
1481152400
1482867947
1482995424
1483984263
1484960952
1485561487
1487005075
1487894488
1488238868
1490327397
1490762540
1493450179
1493675066
1494427116
1494473911
1495000747
1496279633
1496524398
1496687132
1498639180
1499641385
1500039197
1500547859
1501074705
1502615923
1504304650
1504825507
1507058752
1507892709
1508132429
1508924591
1510538848
1511898957
1512300699
1512486066
1513350724
1515354719
1516929633
1517033641
1519242068
1520058034
1520656697
1521178175
1522370910
1525284011
1526447802
1527283732
1529270803
1529477548
1529969925
1531539400
1532446597
1532512285
1532763678
1532892678
1534671650
1537547708
1537863170
1541080812
1541099795
1541560076
1541589479
1542087637
1542487018
1542721291
1544528789
1544568578
1544676515
1544743083
1545170760
1545470090
1545839718
1545899457
1547248045
1547873273
1548372261
1548375366
1549609211
1550332305
1550344038
1551499130
1551748824
1552993422
1553309418
1555135451
1557416398
1557468104
1557536756
1558091753
1558335739
1559252849
1559781302
1559936246
1560167997
1560467908
1560483892
1561561547
1561668902
1561689681
1561968094
1562291124
1565200971
1566250021
1567539255
1569747737
1570058393
1572131275
1572702227
1573152664
1573168170
1573720781
1574252582
1574439780
1574775774
1574961827
1578505686
1578534940
1579137451
1579594938
1581558330
1582301656
1582451319
1583105491
1583572419
1584337004
1585983950
1586429642
1586826423
1586912903
1588278037
1588358432
1588507384
1588608773
1589200700
1589406503
1590613606
1591038406
1591178950
1591320032
1593342904
1594366300
1594568798
1595240756
1595565052
1598193678
1598936332
1599019440
1600056428
1600507385
1601188456
1601200680
1601663089
1602124540
1604455216
1605454998
1606050718
1607285491
1607950341
1610156327
1611226404
1611534066
1611644821
1611740860
1611987205
1613372132
1615094629
1616512569
1617366699
1617812483
1618837057
1619053529
1619415248
1619460427
1620245666
1620386763
1623785584
1625178279
1625255259
1625540082
1627325313
1632301155
1633816941
1635403877
1637575091
1637965576
1639296163
1639423763
1640861450
1644814196
1644858848
1645556387
1645689226
1646432061
1647225467
1647299818
1647767680
1650395699
1650883246
1651371362
1651501471
1651670407
1652725574
1652745211
1653984785
1654409778
1654776316
1655792608
1656219873
1656789204
1656951284
1657327777
1660460833
1662017397
1663161166
1663269973
1663474359
1664946401
1665146243
1665291412
1665796227
1666792612
1668060406
1668426652
1668517550
1670530665
1672987340
1673891854
1674363457
1675075284
1675506530
1676360810
1676915408
1677992560
1678669197
1678720962
1681045220
1681967367
1683027610
1683351920
1683420023
1683602568
1683622390
1684216776
1684945364
1686455909
1688053782
1688856059
1689229817
1689396194
1690963386
1692479114
1693467515
1695278774
1698250699
1698310775
1700300819
1701105160
1701772726
1702470757
1704480048
1705605940
1705940788
1706640716
1707281519
1707322255
1713826122
1714338010
1715404273
1715827662
1718460029
1721370366
1721663127
1722775141
1723162158
1724526778
1725524568
1727459941
1727678424
1728346562
1728787372
1729925233
1730544583
1730565097
1731438774
1732999308
1733862043
1734520827
1734672419
1735535570
1736221723
1737819174
1738331446
1738769174
1738848750
1738933730
1739014877
1739110124
1739150311
1739233487
1739342409
1739486023
1741046685
1741179327
1741436913
1741637983
1744415671
1744633522
1746026770
1746027957
1746211987
1746430617
1748355297
1748426377
1749180384
1749816419
1750259935
1750450049
1751122055
1751176047
1751444754
1754168407
1754235387
1754904419
1755231562
1756896206
1756931687
1758391146
1759169788
1760657981
1763497136
1763568171
1765400657
1765526950
1766222381
1766565618
1767402465
1767856602
1767945145
1771862435
1772457365
1772554189
1773303620
1774948935
1775272811
1775658214
1776173253
1776366806
1776496494
1777845048
1778164381
1778556688
1779290991
1779682980
1780345841
1781706142
1782382297
1782502718
1782538918
1783010888
1784429393
1784667968
1785277392
1789210006
1791635785
1794640151
1794703069
1795704797
1799536305
1801352308
1802898081
1803190944
1807533865
1809237969
1810289850
1810449372
1813183527
1814016421
1815334084
1815917611
1818500429
1818749533
1818935801
1818984265
1819103548
1819143671
1819216430
1822049378
1822538429
1822900831
1822994773
1823120795
1823557425
1823624748
1824248080
1824906568
1825802970
1826685836
1826757383
1826977332
1827082948
1827741158
1828132619
1830782071
1831633860
1831741531
1833361481
1834647788
1834800400
1835493264
1835670194
1836562598
1837362645
1838089827
1838103240
1838384591
1838968770
1840392215
1840430274
1841173630
1841702068
1843076839
1843438852
1844474591
1846183187
1847657641
1849217570
1849464881
1849707950
1849835196
1852830934
1853529556
1855758748
1856968168
1857027476
1857386157
1857419934
1861461002
1862915013
1867347525
1870145902
1871706901
1871988194
1872995495
1875151794
1877552486
1877685409
1879058152
1879395472
1880762403
1881094841
1882715436
1883183460
1883699685
1886535559
1887267519
1887570945
1888061071
1888362332
1888973358
1889498290
1889971250
1890477277
1891378942
1891566707
1892643544
1892670862
1893170948
1894185833
1894353882
1894437176
1894958317
1897357051
1897735717
1899402565
1899578082
1900043500
1900157715
1901652861
1902884126
1904366775
1905301342
1905928798
1906258822
1908442375
1908582120
1909497988
1910722374
1910855363
1911393141
1911957761
1912032275
1912356693
1913854525
1914260642
1914465905
1915318369
1915516701
1915766800
1918333993
1920549543
1920596024
1921445412
1922881872
1923089302
1924209141
1924897438
1925333656
1926703680
1928603385
1928677940
1929722638
1930274710
1932366297
1932376218
1932553453
1933898774
1934131905
1934666646
1934714150
1934797834
1936721227
1936978996
1936982674
1937477379
1938454675
1939802920
1939888931
1941275987
1941781174
1942163533
1942674895
1942686502
1942987759
1943451211
1944058681
1944121084
1944378144
1944686085
1945657326
1946359432
1946668109
1947467730
1947712072
1947846742
1948144624
1948213300
1948289110
1949054968
1949226165
1950094602
1950097820
1950539516
1950557023
1951478311
1951758457
1952161566
1952410039
1953686787
1953804372
1954669889
1955351734
1955703405
1956930382
1958013005
1958514486
1958677668
1959397342
1960849164
1961122784
1961714227
1962325003
1963977528
1964983060
1965034376
1965899964
1965973590
1967377058
1967510924
1967628077
1968858515
1969098389
1970242137
1971054896
1971244540
1975412074
1976420100
1976877150
1977342823
1978572309
1978643738
1980206790
1983683233
1984116946
1984235173
1984625834
1984700378
1985486814
1985584975
1985955582
1986203774
1988624486
1988881719
1990539523
1991009146
1991189358
1992636214
1995386811
1996043416
1996142289
1996180082
1997528367
1998148733
1998625855
1999360732
2000710273
2003098266
2003541946
2003654298
2004322605
2005046616
2006904902
2007543876
2008386317
2009558324
2009657762
2010249845
2010499614
2010507787
2010548933
2011433272
2012142776
2014053834
2014129087
2014933289
2015414316
2015926130
2016084690
2016488832
2016884113
2019589954
2021309900
2022058848
2023112031
2023706854
2024234886
2027626074
2027667510
2028246217
2030549665
2030956057
2031088857
2031774366
2031818378
2032089328
2033141865
2033503416
2035355586
2035374310
2036529165
2037166708
2037783765
2040608312
2046276779
2046827996
2048468697
2049222671
2049245671
2049624595
2052628895
2052795860
2052808801
2054854570
2056843504
2057837062
2058592822
2058679791
2059149106
2059311313
2060608260
2061923000
2066748383
2068696594
2069479717
2070145376
2071187786
2071565411
2071839689
2073590732
2074104523
2075858177
2075910333
2076115769
2078505951
2078853340
2079418676
2080099636
2081624607
2081910590
2082215779
2084748457
2084810323
2085018929
2086768936
2087123671
2087790364
2088013704
2089088727
2091444368
2092659930
2093004820
2093697550
2096078265
2097791577
2098103401
2098109082
2098577048
2098945730
2099131540
2099815806
2099939499
2102622972
2102918724
2104396516
2105365406
2106572072
2108590651
2110254340
2110515145
2111394248
2112792069
2113012451
2113227411
2113758762
2113902106
2115777508
2118107968
2119387348
2119760557
2120521687
2120943034
2121093495
2121907460
2124656356
2125455701
2126629052
2128072123
2128259407
2128259743
2128583150
2129150940
2129309664
2130423092
2131562101
2131618361
2132423222
2132543656
2134111509
2134618820
2135048337
2136498122
2138894786
2141093767
2141187073
2142156793
2143490443
2143701282
2145366881
2145375482
