161915
1483181
2355276
2522279
2894536
3312718
5712516
5736322
6528823
7705297
8958238
9817539
10192646
10647189
10933480
11986853
12631500
12660908
12996113
13023819
13869911
16487490
17673595
17875190
18482631
19697391
19713043
20498014
26029190
26206902
27390883
28391154
29528902
33320872
33481468
33614234
35073279
36288646
37435878
37637429
38259826
38943099
39055509
39061487
40620389
40760087
42260775
45059034
45200112
47248807
47575086
49924271
51594193
52360678
52467942
53164636
54476220
54546705
55877689
56425410
56892750
56942318
57252036
57578555
59974991
60041404
62902454
63107732
63216804
63590025
65069481
65140039
65477713
66908709
68369516
68435481
68630162
68685493
69789397
70909377
71856703
72002736
72815196
73426561
74291770
78725492
78812880
79521974
80402909
82098392
82146228
83024202
83152541
83865033
85467852
87693227
89099561
89271376
89996003
90410079
95171041
96002587
96436623
97464633
97827073
98032526
98333297
98722827
98750404
100408799
102369365
103821168
104264799
106201774
107252484
109072156
109914119
111462644
112191694
112697624
114246786
115320149
115642681
115790967
116686702
117422960
118387074
119135334
119271788
119493522
121528063
121812597
122535344
123038196
123365268
124130229
124899376
125474810
125840366
127397899
129789994
130244269
132964265
134332839
136171684
137779895
138090652
138210698
138939952
140732871
140892646
141558834
143929649
144147662
144445321
144739414
145140052
145842843
147989666
149063987
151869181
152128983
152280020
153566908
153792650
155154282
155235251
158628864
160693602
160922878
161969197
162094078
163147688
165474539
165875594
166284892
166297191
167695247
169541865
170357911
170938974
171165040
171320475
171731708
172237629
172337811
172418139
174274861
175622387
175733707
176254074
176947250
178011077
178039450
179228930
179501338
179607181
180195346
180871106
181160064
181296207
182437940
183075682
183302952
183942881
186266985
186623280
187626816
190018138
190664907
192303406
192754637
192911376
195329657
195845366
196206753
196426576
196903890
197638792
198518671
200313756
200749189
201623839
203762282
203895704
204055922
204572991
204718966
205414110
206074374
206115585
207516592
209546143
209964363
215265142
215972797
216006672
218127213
221329910
223837018
225789797
226289692
226900637
227742401
230174696
231552773
232329204
232805450
233046631
235470634
235641414
235834236
236092770
237287241
238123811
239538966
240778588
241289597
243119388
243304348
243547464
243601302
245823529
247934112
248246259
249354981
249525260
250489049
251229168
252005466
252267276
252658298
254220552
255008181
255156817
255364995
255985205
256442886
256605754
256608294
257257759
258946959
259883774
260099211
260222877
260287092
261992635
264748086
264839757
266261376
267879286
268104102
268266706
268346519
268841516
268972266
269352498
271264253
271462582
272825804
273507300
274163431
274189049
275701483
276031662
276581110
277096549
278664372
280063916
280286853
281688622
281726395
283110623
285657473
285717936
288359947
288390113
289656574
290290408
290526718
290775316
291231838
292576306
292740583
293101323
293144608
293336641
294163522
294943519
296259682
296335519
296851581
298123139
298569057
299393321
300369731
301984772
302218390
302861301
305682642
307169870
307474010
308919795
309827783
314324537
315014246
316831842
317888340
321378242
322986504
324505774
325972809
326438630
329049694
331366989
331546592
332202861
334259887
337427169
337605649
337614248
338155963
338603504
339754150
340853573
340862247
340906800
341541547
341996537
342036249
342942343
346179848
346201036
346649690
347458767
348681340
351318343
351876438
352194381
352590360
353576268
353822631
355738229
356673608
357077515
357227689
357638485
361106258
361129156
361246066
361378933
361846896
362176537
362290893
363661620
363776425
365167827
365601070
365990309
366514773
367005959
368500622
368571136
368906194
371510738
372156788
373819455
374389953
374675849
374796817
375242201
375584031
375737485
376314488
376368297
376897603
377303386
378647126
378850315
379368883
380658105
381177480
381952549
382122148
382268569
387795227
389962800
390832178
392024597
392418524
393704077
393711167
394567181
394911063
395284288
397299331
397599671
398630680
398783640
399410841
399452773
400046120
401013429
401941941
402158831
402179465
402309700
402589739
402986809
403080062
405586707
405588522
405889853
407531860
407969485
409447217
410981026
411036642
411727081
412135019
412739908
414690252
419069894
419170956
419232651
420592117
422212189
422244077
423635683
425296181
426152849
428599305
430630529
430668573
431797619
433931582
433948845
434723236
434803336
434889777
435912775
436692381
437084131
437700500
438297387
438365231
438874879
439674589
440488844
441031109
441950421
442319084
443184763
443301575
445865514
446085286
446660745
447377823
448554898
449718202
450672727
452249423
452555313
452647393
452652115
454439165
454547130
455447980
455535379
456471340
457469011
458333384
458407390
458572892
458745099
460307511
462746680
463036559
463776446
464651506
464784337
464935730
465827294
466116086
466330949
467787444
467850832
467880875
468242716
469122629
470848471
470885055
471623594
475132683
475531297
475764003
475863819
476768594
477903336
478009153
478009402
478486293
480458650
480652143
480933261
483085503
483467301
484339889
484638268
485161113
485372419
487751912
487822301
487947855
488178952
489560589
490119481
490492956
491082922
492333773
492414947
492515569
493599688
493661623
493720200
494257552
494451233
494936269
497633360
498058449
498477017
501201083
501453368
501607654
501711663
501787996
504095663
504120617
504441687
504594944
506315521
507588377
507695317
509480333
509659296
510429315
510634072
510842753
513293228
514660424
514788734
515898392
516675361
517351176
521522307
521844031
523356616
523447186
523657946
523862891
523944416
524168080
524400581
524770830
525260550
525796002
526385101
527632899
528210379
528392986
530459019
531034922
531330611
532086099
533099013
533157225
537750695
537917770
538296606
540477138
540533587
542211699
542756331
543352395
543491966
544844381
545294297
546111072
546431849
546506867
546589529
546722665
549592620
549835780
551275249
552582844
552707320
554213534
555459147
555976965
556131287
556844977
557336897
557536313
557809122
557981857
559340072
559724098
559866084
560218244
561010219
561289631
561313183
561731753
561892454
562582335
563175110
563791205
565338833
566144811
566937076
567075565
567975751
568271189
568807507
568967577
569098924
575185578
575676663
575792759
576347240
576471200
576854426
578947223
579001371
580815017
581359779
581565988
583260894
584775294
584808336
585201065
587530770
589244305
589928249
591051223
591414744
591819137
591945645
592260186
592294652
593008170
593018292
594257516
594771039
595897082
596150824
597130220
598481814
600476148
602104414
602445587
603049860
603852098
606413879
606523610
606545894
606913176
607270883
608507918
609059375
611798731
611976431
612926558
613687678
614185023
614558522
614834851
615720071
617567683
619198481
620246914
622996165
623521123
624279313
627168391
627443081
628069377
628136916
628694545
629191663
630490358
630789087
630812935
631048726
631249413
631735807
631868457
633134247
633561087
635716222
636390342
636909476
640766244
640890028
641773403
642123553
643736788
644693087
645700288
648794686
648909418
649299580
652310911
652350769
653194864
654039861
654224495
654787327
656390733
657900268
659124521
660820252
661865520
662954768
663203776
664429886
665929197
668746814
669991267
670340530
670439819
671060860
671111393
672561323
673044852
673083255
673333006
673726340
674501270
674802948
677717279
678802238
680085582
680525564
681717798
681898955
682336073
682925598
684004362
685625470
685673758
687376203
688862658
690645959
691032926
691379808
691657568
692881443
694584928
697301290
699792165
699895231
700804591
702397561
702823160
705227217
707378025
707947533
708456643
711112161
711429077
713731910
713948287
714476592
715249349
715389290
715555688
715676867
715800136
718303511
719470397
720124410
721531129
722667516
723053255
725326114
729972368
731105313
731224720
731506449
732164594
733130673
734280381
734364823
734813804
734886408
735044409
735146011
735770465
735954518
737368492
738173612
738285895
739780382
739844032
740854031
741427639
743044927
744042232
744690001
745535906
749542134
749578047
751791492
751828034
751964605
752541062
752834543
753455474
753774697
753801244
755941673
756602196
758083024
758964395
759704128
759905158
760668761
761565661
761952739
764835776
765242262
765867386
766501219
766906957
767055964
768415918
770519201
771579584
771666097
773470973
774172524
774417286
774494200
775520403
776503232
777693292
777944396
778398519
778814534
780590902
780615546
781248306
781757647
782105383
782208879
782947490
784274486
784341681
785119937
785817277
790404995
790567777
790777894
791176472
791387377
792305841
792694768
793081811
794051838
797831483
797886159
797897204
799237278
801544318
802344728
804150846
806270057
809870316
810166422
813312463
813516609
815029614
815669502
815741464
816648363
816928931
817395384
817466110
819838455
820315215
821591446
822034237
822562306
823200504
824309078
824962985
825756780
827010968
827572775
829020100
829040870
829241900
831247029
831276109
831507677
832657709
836380067
836849583
837005241
840392555
840843476
841858709
842504928
843480449
843546369
844247194
844569397
844714032
845176970
845393513
845437041
846535148
847447440
847602126
848545636
851210672
853825659
853917713
854718130
855530102
855669285
856049883
857470976
857968702
858248129
858346389
859362786
860907469
861387269
861801161
863555717
864758044
865178291
867246238
868662909
870783090
871813569
872493797
872712965
872978692
875133261
875428718
876348833
876509590
877667071
879736320
880208033
880411005
880710280
881184740
881939425
881950922
882022236
882331999
883065410
883396562
885274043
887801703
888073921
888633672
889737856
891009690
892080298
895049812
895217179
895549258
896352686
896768002
896774919
897474552
897488747
898114297
898125246
898489463
900236138
900841928
901216950
901253535
901688453
901883599
902168071
903107411
903960724
904009552
904991376
905490998
905622862
906111786
906785774
906799423
908166606
908501598
909885761
910917912
911161422
911577177
913807503
914544017
914609226
914910871
915170796
915953765
915964522
916405673
917220037
918625226
918664399
918954582
919485156
920117150
920406911
920687468
921307606
921421490
921478674
921535837
921917190
922057967
922299097
925012725
926250800
926267095
926688298
927134938
927684947
928485386
928988435
929069646
930976739
934516939
935751667
935921903
936887776
936911040
937340901
937957207
938043604
938451013
939164857
939304830
941796305
941935654
942310204
942988627
943036327
943814624
943834536
945361672
945469816
945834862
945858760
948117314
949247485
951093821
952177966
954535757
954538295
954654089
955159254
956258512
956786044
956857199
958157019
958481925
958802257
959299260
961156634
962025995
962238945
962464257
962611513
962627728
963678768
964194932
964795060
965386657
966225705
966579442
967162061
967397520
967482923
967695185
970315262
970468940
970810145
971291368
972710798
972869992
973043573
974257806
974295296
974663482
975294778
975618856
976047808
976214582
976988863
977111080
977188937
977522509
977795817
978660967
978751966
978769301
979582219
979768124
980905880
981462910
981741042
982157837
982678206
983479740
983712141
984241632
985028447
985297667
985833729
986476284
988213379
988937738
989764742
992225260
992887604
995229336
995438659
995661849
997090614
997318334
998563659
999752678
1000326521
1000432022
1000533659
1003774337
1004078982
1004720806
1005207507
1005324838
1006841361
1007165148
1009293012
1011121289
1011140710
1011363026
1012044312
1012279177
1012322545
1012541698
1012665828
1014010606
1014616165
1015043656
1017052560
1017472703
1018139396
1022504859
1024394197
1024698048
1024904494
1026019449
1026242181
1026574570
1027430925
1028425466
1030447453
1030623384
1030753658
1031194333
1032216155
1032922005
1032988335
1033674973
1033862936
1034467141
1034792953
1035011564
1036304834
1036373588
1036610365
1036716324
1037327418
1038172985
1038779680
1039684621
1039936332
1040297489
1041290691
1042121715
1043241125
1043536792
1043661082
1043757175
1044193007
1044271151
1045180723
1045520647
1047073598
1047283487
1047900803
1048109283
1049118687
1050614372
1050676221
1050698315
1051057735
1052491922
1052842904
1053952815
1055351585
1055831037
1056418854
1056556961
1057069065
1057224255
1057307218
1058381125
1059282448
1060665215
1060957905
1060964397
1061224092
1062476762
1063226276
1063240161
1063328234
1064234916
1065312030
1065744526
1068457426
1069646410
1070725945
1072319207
1072530807
1074799266
1075862030
1076360119
1076977076
1077918756
1078411225
1079164029
1080318107
1080344502
1083671650
1084267155
1084963134
1085063230
1085146177
1085287700
1086110906
1087345836
1088371761
1089019304
1089105984
1089906927
1091042838
1092400484
1093381683
1094237656
1095023601
1095951584
1097339904
1097735154
1098158638
1100064503
1100867518
1101009988
1101629167
1102742365
1103366827
1103503840
1103700970
1106695744
1106887253
1107998359
1108889241
1109320541
1109670447
1109802552
1110035202
1110611877
1110645032
1111193222
1111573082
1111860883
1113278538
1114285376
1115350821
1116136561
1116927260
1117316115
1118616353
1118617772
1119404068
1119659331
1120913149
1122094273
1123551472
1124267837
1125656379
1127639501
1127738886
1127993787
1128759851
1129427941
1129824821
1130125136
1130226824
1131297997
1131404977
1131717907
1132223621
1132647571
1132842637
1133315251
1134869016
1135045322
1135599830
1135865230
1136115368
1136410769
1136564944
1136836848
1136925700
1138101171
1141759025
1142395843
1142463722
1142877092
1143630846
1143986653
1144569019
1145594323
1145876975
1147235180
1147746209
1148814437
1150018458
1150217428
1150363712
1150674536
1152799300
1153942495
1154064233
1155013025
1155134285
1155248198
1155621665
1155769103
1156237835
1156689339
1157056333
1157139282
1158233996
1158893221
1161066926
1161131900
1161346413
1161387123
1163325861
1163622408
1164818517
1165438464
1166449816
1166546335
1167704583
1167867625
1168861282
1169122122
1171407626
1171421225
1171859854
1172097562
1172880168
1173230210
1173477527
1173918953
1174050523
1174258446
1174770037
1175585685
1175593273
1179016945
1179248382
1179970570
1181177973
1181405788
1181504655
1182778656
1183258989
1184117618
1184259477
1187332250
1188482994
1189485859
1190892054
1191645151
1192716644
1193113196
1194980533
1196309898
1199089760
1199561190
1200320959
1202661724
1203359497
1203701896
1203802716
1207286842
1208227382
1209536008
1209583464
1211132742
1211287393
1211846805
1213304354
1213455825
1214028518
1214535666
1215801051
1215821523
1215931698
1216287249
1217635478
1217940726
1218982874
1218996348
1219116904
1220005028
1221877470
1222781338
1223642226
1224060566
1224256754
1224431006
1225091640
1225096176
1225857982
1226670012
1226828970
1229301251
1231782580
1234455110
1235451006
1236390365
1236622392
1237376973
1238049308
1238598761
1239433861
1239462312
1239645226
1240518051
1241487791
1242030792
1243012766
1243233245
1243610543
1244063790
1244664012
1247007700
1247184176
1248536301
1249961379
1250151335
1250612435
1252326443
1253065603
1253883987
1254106207
1255532779
1256227165
1256838515
1257005773
1257016036
1257337811
1257868618
1258418468
1259317993
1259779036
1260351538
1260638961
1261464046
1261479078
1262492198
1263215161
1264298293
1264780456
1264835169
1265800526
1267916139
1268221250
1269755713
1271101725
1271669827
1272224491
1274593413
1275541936
1275592335
1276838546
1277217004
1279249788
1281500651
1281617048
1282893579
1283283804
1285093244
1285869887
1286261555
1286434302
1288460494
1288834100
1289462056
1290493970
1290632803
1290829533
1291161160
1293148179
1294070369
1294222371
1296430711
1301765322
1301903557
1302638631
1303635653
1303655309
1304370036
1305831583
1306277204
1306461158
1307633087
1307730808
1307833483
1307902062
1308608683
1308757019
1309904564
1310752356
1311175441
1311910335
1314724355
1315689843
1316323928
1317784726
1317864853
1317898498
1318721294
1319264070
1319566293
1321065753
1321214804
1321325358
1321555072
1322059193
1322256873
1322911721
1323996204
1324042732
1324352018
1324732301
1325685856
1326027788
1326037410
1326736379
1328997090
1329778365
1329952957
1330495269
1330790514
1330894296
1334313940
1334478796
1335721693
1336809705
1338779736
1338806534
1339052377
1341672353
1342303904
1343674085
1345854250
1348801734
1350589902
1351582303
1351716862
1352033991
1352550278
1352643411
1354532508
1355762830
1356218199
1356307033
1356805836
1356858020
1357020953
1357623349
1357702947
1358018832
1359254007
1359458058
1362025212
1362904494
1363231655
1363342962
1363664954
1364630148
1365467868
1366757521
1366886225
1367162691
1367205849
1369012714
1369503914
1369977318
1370711342
1372004584
1373336458
1373614732
1373727273
1374028951
1375521839
1375523771
1376566633
1376690910
1377387486
1377478748
1378818922
1379147753
1380335156
1382024013
1382733695
1385440755
1385573347
1386209368
1386230959
1386363427
1387152488
1387955761
1388087132
1388175522
1388277753
1388713777
1394249203
1394481761
1395035878
1395071427
1396222485
1396303889
1397033126
1398197971
1398492918
1398512873
1398927899
1400076675
1400293527
1400647938
1400756489
1400924594
1401337987
1402260954
1404529403
1407380813
1407570848
1409088143
1409309707
1409974180
1409989014
1410523632
1411125381
1411212608
1412389879
1413144966
1413442034
1413801635
1414227775
1414657979
1414883483
1415186736
1416360531
1416448371
1417213401
1419054240
1419288126
1420789924
1422892171
1423636670
1423994844
1424259374
1425498008
1426387149
1427422205
1427883175
1428963946
1429467958
1429481880
1429786558
1430320135
1430856173
1431344045
1433247942
1434327472
1435005008
1436773521
1440918426
1441639699
1442940957
1443236008
1443366624
1444396790
1444799373
1445134555
1445308815
1446505045
1448812642
1452340838
1452473325
1453337626
1453647866
1453737973
1454198821
1454585273
1455420062
1457019889
1457174980
1457416607
1459377158
1461665132
1462349576
1462356015
1463507477
1465099051
1465747116
1468714766
1468916241
1470806455
1472031034
1472752248
1473123155
1473686831
1473752960
1475131425
1476661693
1477992260
1479271753
1479501972
1480122793
1480399958
1481190078
1483366698
1484871804
1485447884
1485603435
1485666599
1485862121
1486196099
1486341810
1489083885
1490177141
1491171992
1491614431
1492312763
1493200458
1496055358
1496244190
1497647698
1498446951
1500163728
1500182047
1501953149
1502219837
1502554886
1503492547
1506897145
1507035955
1508347723
1510935442
1511116626
1511166749
1512584251
1513077551
1513316535
1513716359
1515660743
1515677083
1516321983
1516420110
1524048615
1527326640
1528792117
1529145563
1529522660
1529853639
1530391390
1531480634
1531616831
1534725623
1535806597
1537102871
1540314745
1541115694
1541291143
1541539738
1541888730
1541966463
1546371813
1546786939
1547657542
1548259560
1550149791
1551082730
1551554338
1553113987
1553206317
1553721994
1554645012
1554665081
1555392413
1556180577
1558148307
1558786605
1560376207
1560394668
1560655968
1561148490
1561774565
1561909715
1562549071
1562880124
1564740801
1565535120
1566337260
1566594667
1568352928
1570642915
1571621420
1571936911
1573526984
1574086040
1574086613
1575373339
1575966495
1577741881
1578522806
1578969665
1579052600
1581589754
1582669984
1585550622
1585869035
1586301865
1586922052
1587019598
1587863338
1589131939
1590381773
1591065935
1591252591
1591325923
1591637111
1593621475
1593965655
1594146730
1595666129
1595792105
1597562915
1598145499
1598302018
1598887481
1598935131
1599251924
1599833438
1601092706
1601850307
1601933152
1602742357
1604337333
1604807823
1606253595
1606805703
1607695975
1608777340
1609345245
1609373460
1609652587
1609780332
1610456529
1612526511
1612865046
1613619396
1614400393
1615884928
1615970776
1616549194
1618296550
1618694207
1618879467
1618918606
1619587561
1619869081
1621869267
1622443663
1623809937
1624562126
1628190110
1630331407
1631000683
1631535709
1631577097
1632716731
1632794705
1633169706
1633295402
1633836490
1633871874
1634037275
1634897021
1636807129
1639368543
1639610378
1640461648
1642334848
1642348651
1642788025
1643146728
1643169344
1645757091
1647149478
1649086586
1649114757
1649124204
1650746724
1652633479
1652736330
1653805441
1655385474
1655478340
1655924886
1656930706
1657281514
1658055901
1658152571
1661816729
1661940538
1662560877
1663119053
1663470049
1663881573
1664547470
1664558152
1665561912
1666888231
1667211491
1667400781
1667413761
1667685205
1669337407
1671181549
1671485050
1671900616
1671919108
1673731785
1673761148
1674049917
1674054248
1675498278
1675844028
1676935233
1679022928
1679315197
1679413424
1679899496
1680031225
1680599616
1680650685
1680898237
1680936473
1681433066
1683049896
1685210182
1685385582
1686915585
1687422023
1687649494
1687696927
1689272964
1689457832
1690866913
1691366576
1691517206
1692660635
1692671832
1694067675
1694935302
1696486642
1697157913
1697397208
1700787526
1701664354
1702701377
1705094031
1705440866
1706131708
1706826181
1707993818
1708945277
1708981231
1709310290
1709578350
1710110465
1714812613
1715604003
1715877267
1715972353
1716584650
1716968571
1718317057
1718354200
1719034184
1719097740
1719512014
1720368650
1720700060
1720719741
1722793091
1723078757
1723443459
1723883683
1723960422
1725809524
1726523401
1726652648
1726749463
1729100670
1729944303
1730559995
1730740363
1732081898
1732565178
1733598764
1735243622
1735558820
1736372001
1736574906
1738845748
1740354654
1740686714
1740864311
1741213187
1742058765
1743491537
1746009008
1746034427
1748756267
1749675342
1749800469
1750069110
1750203812
1751932279
1752180076
1752250898
1752383239
1752832232
1754805667
1758028622
1759337777
1759893110
1760968483
1761413652
1762394982
1762437985
1763188451
1763574672
1765106485
1766054011
1766181691
1766240786
1766627881
1770740272
1771538317
1771583193
1771602890
1771605597
1772926881
1773223519
1773951776
1774411284
1774502466
1775368113
1776612487
1778131134
1778223037
1778426887
1780102032
1780910491
1781898849
1783148765
1784164813
1785029016
1788238247
1789644346
1789940636
1790179121
1791634625
1791837094
1791875504
1793977882
1795050643
1795957482
1796955762
1798632794
1799735403
1802784911
1804041592
1806289357
1806404102
1806844591
1806929231
1807348377
1807361367
1807728515
1810230932
1811616809
1812268245
1813170263
1813262158
1813573776
1814242836
1814598332
1814806990
1815094496
1816656048
1817647391
1818245269
1819911937
1820950143
1821941063
1822609202
1823310763
1823714765
1824121401
1825860204
1826117148
1828359499
1830442084
1830690166
1831338921
1832852165
1832891610
1833514106
1835454610
1836724483
1837155997
1838633195
1838633267
1838675549
1839706642
1844127367
1844208984
1844537580
1845308473
1845609938
1847004694
1848889189
1849361047
1850922620
1856144870
1856148701
1857275336
1858176202
1859073500
1859265818
1860481510
1860835499
1862516367
1862726366
1863903089
1864282581
1864541866
1865102364
1865113208
1865642348
1866291925
1866836045
1867538661
1867805084
1868958723
1869301328
1869816833
1873900156
1874647286
1876060728
1876900577
1877014932
1878414624
1878484681
1878500382
1879151576
1882289428
1882403701
1882642619
1882657326
1884670751
1886111411
1887094834
1887952804
1888680716
1888691367
1889192289
1890155041
1891241205
1891284878
1891901025
1892702983
1893271207
1895324042
1896646627
1897524281
1897944848
1897973957
1898226454
1898325454
1898469998
1899167901
1899346238
1900229947
1901330138
1902730945
1903713666
1903930754
1904678462
1906342014
1906755584
1907738822
1909702500
1910918509
1911421206
1911917864
1912793006
1913709012
1913768400
1914244225
1915243794
1916041502
1917243894
1917532714
1922898752
1923653545
1924406717
1925242364
1925315246
1926351025
1926560414
1926692190
1928270136
1934523765
1938895060
1940241268
1942465050
1943155803
1943860552
1945056124
1945244934
1945568134
1949783183
1952266428
1954329342
1954789194
1955518161
1955569109
1957613197
1957819440
1958460079
1958893513
1959119676
1959276578
1959412805
1959587443
1960045969
1960262634
1960843830
1961750348
1962234890
1962318062
1963830912
1964034467
1964491871
1965040932
1967960165
1968051495
1970113412
1970759984
1973915485
1975110561
1975240823
1975250575
1976208946
1976874756
1978027489
1978920895
1979286247
1981503154
1981738506
1985957268
1986569359
1987101080
1987193312
1988052006
1989488179
1995256747
1995370572
1995733278
1996004562
1996180478
1996298235
1997139842
1997414036
1998395723
1999237052
1999639094
1999908636
2000437383
2001972011
2002778885
2002942355
2003546497
2004357840
2005839830
2005896756
2006456134
2008014810
2008126185
2008451395
2008949729
2008958970
2012173025
2012239937
2013700734
2015240056
2016135973
2016780524
2017313753
2017679986
2017912986
2019056730
2019260345
2019344660
2020282159
2020726268
2021878937
2022382289
2024188366
2025379169
2026372196
2026974279
2026977066
2027855513
2029455926
2030896331
2032073277
2032116172
2032737525
2034919588
2034956620
2036334213
2037560149
2038734690
2039488780
2040047116
2040068419
2042859841
2043480337
2044593203
2045070933
2046897062
2047257457
2047325414
2047342792
2047558803
2048091531
2048841114
2049367388
2049431552
2050038296
2050213106
2050990066
2052027912
2052455843
2055099192
2056067666
2056115684
2056345992
2057186389
2057520309
2057853046
2058799412
2059619775
2061189441
2061218931
2062587372
2064168562
2064522026
2064523710
2066398751
2066773933
2067766630
2068695488
2069074684
2069466101
2069587787
2069792690
2070188850
2070773339
2072426021
2072723717
2072786111
2073332357
2074064693
2074444065
2075949211
2076417328
2076771515
2077532998
2077582659
2077970957
2078270255
2078280797
2078366569
2080165022
2081310779
2081530673
2082528304
2083165217
2083348546
2083828227
2084411028
2084687168
2085435691
2086784898
2087520602
2088328765
2091200971
2092017377
2093687025
2093722382
2094341836
2094532849
2094677521
2095453483
2096277220
2096885352
2097035924
2097738663
2099535106
2099799968
2100493414
2100557610
2101899643
2102633385
2102809744
2104364899
2104458694
2105111619
2106339914
2108276291
2108382933
2109337209
2111718517
2112123541
2112624145
2114147873
2117058258
2117383828
2117428156
2118432819
2118932467
2120220269
2120290447
2120814969
2122492541
2122754905
2123323372
2123417843
2125407608
2125598447
2125995178
2127575791
2128080492
2128851379
2129151287
2129447389
2131335520
2132508775
2132614015
2132621344
2135084536
2135540047
2135545031
2136035994
2138067586
2138911885
2140422530
2141952212
2145353051
2145511561
2145916480
2146217392
2146890109
2147198839
2147206975
