358009
430051
1655488
2623270
2688135
2776929
3337975
3435146
3507111
3813128
4523751
5396035
5579586
7056129
9632305
9934682
9951428
10849458
12798997
13424273
14729017
15538568
19237136
19619371
19651346
20341728
20657958
21102305
21226532
22385934
23010205
23222147
24165595
24396973
25835703
27579134
30848798
32065345
32109550
32643840
32648138
33002722
33369444
34404349
36311048
36683830
38614017
40405613
40571990
40997804
41819208
45072380
45306938
45335978
45677501
45916753
46539947
46687872
47288064
47318999
48699029
50290489
50596713
50976403
51018195
51021239
51438998
52411241
54605075
54704706
56559465
57153464
57454607
58651151
59584083
59854056
60524184
61549416
61646784
61688903
62599363
62939854
62960696
63865573
64169488
64950527
66411134
66885834
68104235
68199950
69806579
70870194
72094971
72323020
72759327
74766284
75057843
75600359
75655434
75836066
76009529
77785490
78024499
78838187
79418361
79441977
80860886
81062248
81195236
83091398
84362291
85264552
86050513
86508891
87214572
88674606
90109109
91262976
93309933
93553766
93645526
94771196
94853018
95001074
95509236
96673909
97480471
100711511
101696497
101821590
103175406
103414070
103994226
104394143
104853308
106864670
108267284
109427883
109456455
111365931
114495399
120061975
123001847
123037886
124789246
125121752
126104718
127940824
129736281
132042902
132063447
132245436
133206200
133870501
137363619
137836984
139540753
139790185
141231760
142222038
143770810
144025343
144821148
144948156
145442117
145537587
145633932
145834001
147548500
147707398
148312938
148878531
150568762
151698018
152053191
153977647
155531934
157529415
157738911
158344368
159498316
160529311
160840802
161275538
161449369
162726341
163536384
163555944
164524947
164573656
166002688
166185739
168180008
170762849
171569419
171748565
172030111
172807384
173142031
174711929
174727538
175238259
175365781
176714288
177491894
177890259
179425689
180160474
181791005
181850041
183131353
183298242
185102527
186681583
187028942
187896070
188229903
188292857
189537563
190323659
190397867
191646139
192072758
192681618
193770019
195501864
196802939
198962746
198999575
200064276
201141803
201614406
203897942
206336654
206543108
207232774
208789188
209112226
209770208
212119970
212877412
213386401
217220601
219753125
219768176
219884878
220752838
221051101
222371117
222761288
223886292
224299892
226207033
227054390
228004004
228118290
230202910
231426991
231439657
231740387
232559253
233047489
233512796
234946846
235848061
236006492
236551882
237614559
238016444
238320420
238928359
239754046
242597316
243017340
243458892
243770854
244420606
244501551
245519105
245565137
245567002
245602147
246300437
246480691
247166599
247753421
249382317
249986163
250774438
250805957
251322416
251473955
252131142
252173054
252212268
252673845
253110837
254600981
254770649
254880494
255575300
256444764
260043079
261694362
262047479
262158543
262764578
262873565
266529386
266993942
267260377
267664508
267889588
267890527
268628593
268686021
268910672
269414903
270700950
270826434
271290950
274795031
275048274
275082651
275593876
275661564
276735910
277041040
278569789
279175676
280505118
280677758
281274876
281714207
285679285
285929146
287280601
287430888
287810791
288668569
290690073
291396251
291431196
291591083
291982520
292017121
292109884
298102582
298417987
298949939
299553111
300815206
300996026
302498048
302981007
304240552
306385163
307137035
307990329
308880630
308975977
309259296
309306344
310945125
312210387
312660706
312778554
313363344
314264999
314915081
316221776
317597994
318783712
319429494
320917871
321851922
322522192
322622422
323142011
325132886
326163330
328928833
329597914
330376849
332714805
332874945
332913020
333070671
334427999
334614368
337215635
337332688
337537177
338648719
341397353
342431140
343259072
343940550
344017319
346223741
347092761
347191380
348132214
348268853
348502478
349415465
349744509
350044038
350954501
351244738
352996697
354207072
354799727
354927596
355381348
357104331
357484107
357798794
359465541
359664559
360365576
361052577
361127324
361986361
362013085
362530168
365076912
366341027
366994028
369632006
369751082
375515788
375554613
376888276
377102538
378945671
379575639
379778479
380579942
380729934
381690886
383021079
383036104
384328272
385026650
385267818
385529913
386012822
387148832
389556698
390966730
391742364
393266342
393613270
393661666
395636826
395871114
397375495
400257592
400324927
400678379
400732055
400897576
401818651
402037786
403422144
403907472
404255797
407160191
407343220
407609437
408079055
409660389
410610945
410742928
410774220
411257807
411585774
412675400
413427536
413484218
414644260
414676167
414879565
415421824
417355536
417365999
417462282
422546743
422625785
423698801
424946885
425146134
425185405
426178011
427953023
428235788
428310197
430606357
430772076
431176071
431276413
431860224
432455432
433114737
435500133
437019661
437999033
438882131
441868259
441872122
442528352
442803228
445935620
449388035
452008186
452942721
453177600
453245613
454292388
454360706
454550159
455107866
457409850
458264783
459667201
459736640
465630046
466400086
466587938
467409797
467726068
468858562
469091685
469824590
470219286
470835970
470889068
470971127
471129937
471309681
471547904
473131640
473459020
475227072
475585331
476518966
476580562
477460185
478798037
479533908
480105221
480765533
480836256
481722350
483650977
484180652
485226636
487285914
487862290
489236486
489632794
490746700
490782333
491153802
491350688
491453016
491461437
494529976
495983047
496063774
496193596
496602974
497591976
498013384
498890695
500955907
500993185
501218351
501480985
502896689
503802326
505049122
506035003
506998985
508515510
509524804
509874457
510547727
511660363
511847546
512417810
513022709
513668485
513830752
514249862
514428308
515160778
515670777
515848565
516020407
516611630
516858351
517094350
517665119
519509382
520405187
520574255
523407107
524156383
524830942
525772112
526044122
528409278
528667536
529349834
529386386
529444302
529587374
529796586
529813065
530022635
530768950
531783072
533324576
533749680
534913150
535073645
535281802
535818546
535927066
536295042
536925198
537207519
537495210
538729252
539269765
540027809
541456636
543267214
544947786
545193173
546898713
549488397
550034863
550238125
551118367
551170706
551749376
552386363
554458431
554661508
555320446
555368306
555870984
556411539
556556304
557768549
557913636
560640379
562188524
563370188
563506353
563746007
564763328
564972021
566619862
567586715
567627157
568546838
568569542
570055373
571166928
571276253
571438024
571606328
572207437
572461626
576122279
576878397
577631668
578066471
578451989
579036535
579819054
580089856
580905573
581604006
581828795
583029741
584333250
585239204
585609962
585893569
586400084
587002860
587860846
588155956
588192566
588845272
589777150
592554548
594818777
595777365
596412613
596557580
597123778
598334004
598503183
599714043
600112399
601393032
601514216
604224448
606971040
607348507
607687044
609145242
609399988
610576801
611180171
613543909
614090378
616779965
618309610
618785202
619224489
619598394
620570965
621717109
621810257
622270685
623078662
623280773
624188922
624202785
625591935
627210063
627669685
628936207
629770656
630564062
630633299
631715675
633117673
633987711
634128488
634457714
636064957
637117229
637302287
637743014
638809135
638906525
638935714
638957753
639469869
641107084
641439108
641529746
643101650
643104104
643547899
644402927
644799874
645844510
646112663
646774878
649224506
649727423
649795203
650940130
651989901
653095185
653298474
654261198
655216933
656997080
658930869
660287813
660620024
660865477
663090281
663425482
665236276
666432750
666902686
667484096
667603925
667927825
668335826
669759406
670317864
670957189
671137027
671329701
674647158
676946646
678085125
678166398
678829547
679124598
679245589
681155648
681769386
682499174
682614368
683331522
683684161
686904193
687226462
690257747
690347447
691425933
691528781
691798696
693182776
694200280
694219520
694411873
696392254
696585909
696853353
697357907
698124561
698668386
699732520
701694213
702216963
702479995
702680215
703707827
704250963
704265442
704600335
705227200
706833781
708296524
708301758
708350199
708672716
709250257
709525378
710746230
711729925
712097627
712121754
714470417
714499944
716080714
716481433
716672800
717134363
717482977
718733767
719226153
722286982
722645569
723211412
724474656
724695719
726216992
727530564
729091911
729540187
730547824
730952239
731140089
732071180
732583317
732863535
733564817
733629650
734287609
735168488
737198226
737256511
737442266
737731864
738152974
738547100
739106394
739143158
739252785
739660564
740405554
740436863
740546854
744266032
747433234
748388229
748463625
749427886
750426572
751009115
751700077
751988339
753050596
753444111
753761634
754134200
754291994
755829477
755885683
755896443
756043929
756594853
756852189
757212542
758519538
758665016
760168894
760358287
760429922
761178411
762394487
762756674
762995856
763572994
764575817
764776396
767195989
769262062
769368117
770004838
771805575
775231845
776990143
779002615
779095178
780988287
781208342
782497314
783112075
784261765
784925524
785732621
785904162
786506922
786973164
787116643
787696048
787819393
788971713
789270116
789434779
789613731
790075223
791039814
793446199
793768678
794329535
795152993
796143892
796338224
798029067
798432107
798690587
800352362
800498958
801237798
801892296
802662540
803323761
803327801
803621680
804432639
804861892
805840263
806161240
807577391
811726808
812312117
812414832
813069401
813464343
814084650
814998305
815512946
815774871
817893902
819772301
821450905
824493648
825337852
825630621
826299021
827056231
828538574
828888434
829506801
830168085
831513762
831772607
832400034
833621729
834761661
835231291
835756093
835900692
836327442
838204787
839024790
839264390
839373948
840608618
840853612
841631006
841782015
842131278
844020584
844317550
845755338
847312041
847378401
847459657
848307742
848925548
849724047
851168729
851902325
851913002
852436193
853113710
853940718
854969561
855156637
856925925
857494267
859563809
860132587
860287204
860469701
860683820
861659986
863571216
863833262
864732660
865276920
865285638
865433205
865443425
865488527
865992229
866562904
867012127
867769512
868404979
870239250
871305716
872147975
872686091
873767804
874138128
874464564
876248143
876618258
878245401
878259140
879970013
880587033
881030232
881340768
882359117
883848017
884970506
885163881
885304699
890179719
890379609
890446837
891559371
893088903
893236613
895587620
896105132
896909207
897039370
898206112
898386778
899142712
899296176
899562714
900207781
905672529
905849753
906001764
906596578
906721263
908424970
908637831
908791874
909640552
910137636
910807788
912760674
913431858
913532507
914467328
915350336
915760536
916033417
916183012
916379777
917800213
919068472
919332896
919498959
920063638
922007844
922733697
922959568
923343571
923633671
923716899
923922802
924831405
925881098
926365542
926386124
928946118
930408384
930996211
931222040
932019211
932316690
933213058
933413424
935206562
937220082
937348252
938114678
939112272
941589575
942493486
943982337
944008069
944665338
945609879
946077122
946202741
947049484
948265503
948497076
948881513
949778994
949795111
949983845
950262092
951202018
951821097
952980403
953288811
954327844
954343465
954637686
955692048
956209486
956452440
957144939
960080755
961748682
961960826
962749813
963484159
964386707
964484020
966704694
967968169
969899621
970548908
971394165
972901493
973423599
973708111
973748769
973910634
974295753
974782838
976545538
976572522
976698497
976752158
977243925
977924092
978136177
978566335
978779222
979384201
979832440
979840642
983887125
985256420
985808699
986020080
987186643
987425108
987888844
988034425
988903953
988991672
990107935
990455078
990511335
992041919
992170300
992225067
992949870
994649957
995186648
997816890
998112004
998714736
999504464
1001087382
1004967464
1007380013
1008429187
1010490875
1012536416
1013353683
1013814546
1014818849
1015275789
1016729395
1017656621
1018087857
1018405687
1020522912
1021005200
1021041119
1022619897
1024020790
1024128894
1024501693
1028021788
1028456324
1028624677
1029561896
1031329752
1031524070
1033619545
1033913303
1034659646
1035817069
1036728754
1037578972
1038163020
1039547629
1040647320
1040667545
1041355169
1041757329
1042743581
1043350702
1043482988
1043714989
1044109035
1044270569
1044899659
1045888610
1047031283
1047131375
1047186647
1047900079
1047984426
1048125886
1048137429
1048476062
1048901963
1050227989
1050685449
1052113752
1052542835
1053021322
1053935177
1054551172
1055691807
1055949028
1057160156
1059223879
1060836671
1061257221
1061419726
1061590408
1062042934
1062231808
1062872208
1063347945
1063640017
1064565879
1065075646
1065451325
1067487802
1067824378
1067914750
1068231550
1068390637
1072832404
1076031908
1076070358
1077382177
1078126995
1081248810
1081685207
1081793012
1082269417
1083310088
1083361919
1084123447
1085031793
1085164143
1088636161
1091650887
1091662074
1091731613
1092601600
1095932621
1097072303
1097172412
1097761531
1099791882
1100993744
1103290462
1104291313
1106033117
1107804188
1108645011
1108733956
1109210303
1110692306
1110760704
1113158570
1113216317
1113468160
1115918883
1117831243
1117885585
1119160494
1120147429
1121373399
1121877313
1123248821
1124764262
1126270819
1128002298
1129142799
1129190930
1129470845
1132512848
1132666156
1133170562
1133371902
1133760269
1133827958
1133884236
1135653583
1136122331
1138701738
1140342436
1140395272
1141408951
1141561922
1142133869
1143563062
1144165556
1144708832
1147090135
1148983327
1149988019
1152457287
1153290957
1153494675
1153993528
1154571926
1155523292
1157315787
1159165035
1159441270
1160256787
1163396129
1165643959
1166960642
1166992521
1168550890
1169379567
1170070265
1173264382
1173442607
1173459451
1174817982
1175847076
1177502675
1177648217
1177884698
1178213938
1178371881
1178793344
1179223216
1180233071
1181200724
1182557978
1182801728
1183468340
1185255057
1185916835
1186380876
1188614514
1189651407
1190041918
1190209311
1190349904
1190357549
1191501110
1193259963
1193519264
1196059059
1196233909
1197185176
1198173569
1198290136
1198405868
1198980503
1199301429
1201005492
1201520734
1202807378
1205561783
1206412880
1207010407
1207950241
1209105866
1209410831
1210173722
1210429073
1210846431
1214481738
1215499030
1216219514
1216236359
1216396800
1218005639
1218706428
1219962286
1220007351
1220731764
1221969160
1222251512
1223959624
1228239542
1228663759
1228855167
1229700251
1229953838
1230448344
1230556477
1231589829
1232648109
1234910126
1234955962
1236031351
1236404092
1237134773
1240167792
1241087817
1241139190
1241718802
1242210501
1242325592
1243240803
1243875523
1243998923
1244727337
1245745793
1245822124
1246207253
1247735545
1248899017
1249188680
1249498079
1250469143
1251897947
1252044265
1252116248
1253618099
1253910858
1254154560
1255574559
1256345692
1256703770
1256776278
1257041103
1258097364
1258821555
1259289614
1259457822
1259842413
1262066195
1263589515
1263620548
1263893974
1264069546
1265135054
1268279245
1269109459
1270075213
1270246919
1275163475
1275588192
1276503109
1276512086
1277729825
1278443016
1279425800
1279668672
1281135576
1283276779
1283286980
1283332508
1284554476
1286142708
1286697786
1287826564
1288722747
1289700349
1290353966
1290561411
1290610303
1290784447
1291097439
1291941539
1296568668
1298222058
1300046152
1302154720
1302665695
1303093781
1303930397
1304526183
1304553492
1305046565
1305748248
1306093074
1307809171
1308529419
1311453927
1312148225
1312595474
1312745573
1312974661
1313347913
1313782373
1314535357
1314967139
1315196057
1315316518
1316811344
1317400314
1318383694
1318418059
1318548672
1318691635
1318721005
1319466438
1319861899
1320180369
1320465043
1321843848
1322567923
1323973656
1326143390
1329298960
1329375646
1330645769
1332401626
1334348484
1334453089
1335877775
1335936820
1337037712
1337320635
1337731088
1338201787
1338278767
1338299412
1339374598
1340290769
1340999063
1342074362
1343543312
1343720216
1343869361
1344758798
1345139889
1345485631
1346858122
1348048668
1348931943
1352151117
1352286086
1352301746
1352951690
1353247898
1354180979
1354214554
1354731977
1356701806
1359417157
1359707032
1360093817
1361464287
1361770575
1362655581
1363208957
1363361712
1363551249
1363598811
1363829766
1364282448
1364408754
1364934552
1365348951
1366065664
1367065118
1367232834
1367351459
1367440308
1367460354
1367657112
1369464619
1369714273
1370151139
1371484529
1371732948
1372041499
1372665837
1373068412
1374063724
1374645272
1375939247
1376279149
1376802357
1377521829
1377981636
1377992687
1378728907
1378740815
1380693349
1380948082
1381182463
1383245891
1384243581
1384555865
1384900651
1385729355
1386922984
1386973119
1387944893
1388321752
1389074492
1390455938
1391510201
1392511135
1394364722
1394366535
1396258661
1396443014
1397628688
1400179363
1400620461
1401934417
1403336311
1403973411
1404449061
1404954581
1405900813
1406451910
1406883700
1406934502
1407923411
1408020356
1408415192
1408994924
1410087244
1411033106
1411781555
1411930899
1412024003
1412289688
1416892191
1420789032
1421569624
1424632824
1424881925
1425278826
1427995130
1428343106
1429787296
1430826104
1431305298
1432248640
1432597885
1432614351
1432931300
1434251668
1434587374
1434968811
1435005576
1435461605
1436818850
1437270240
1437916134
1438474118
1438819577
1438909087
1439711192
1441299443
1441829863
1441979528
1442024689
1442319616
1444711072
1445244356
1445634063
1447030379
1449247116
1449495009
1449680566
1450833545
1451795236
1451953440
1452568686
1453275079
1453334127
1455756989
1456406933
1456961481
1457570801
1458273035
1461748259
1461940262
1462816224
1463411489
1463479976
1463531449
1464201361
1465769539
1465948931
1466102773
1466444529
1469077845
1469506277
1470524635
1471401466
1471719039
1472177536
1473978270
1476718420
1476904187
1477221541
1477829089
1478366719
1479927708
1479937728
1480350541
1480714967
1481923864
1482282396
1486092895
1486107322
1486428524
1486533562
1486789269
1486935816
1489024532
1489231038
1489609954
1490004810
1490130521
1491909813
1491941046
1494125711
1494873392
1497160228
1497629775
1498192511
1498301579
1498766602
1499483697
1499874883
1499946152
1502528626
1502917217
1503541168
1504678340
1505615013
1505802411
1506933168
1507678880
1510495001
1510500299
1511950001
1514664111
1515016290
1515372725
1517675474
1517764586
1519581049
1519780762
1520265057
1520551362
1520564787
1520660159
1522099545
1526240627
1527889266
1527964248
1528706426
1529381729
1529672891
1531110977
1531400710
1532306832
1534512603
1535035486
1535915623
1536820976
1536849073
1537689202
1538119195
1538141305
1538870533
1539348074
1542223451
1543199165
1544419613
1544664562
1545073412
1545530234
1546267417
1546904686
1546970884
1547212702
1548957983
1549064667
1551546678
1551792528
1551885402
1552742047
1553352640
1553450534
1553556064
1553748071
1554435774
1555000400
1556253871
1557619781
1558052567
1560253094
1562922503
1564068013
1564639723
1565198777
1567758776
1568216289
1568731509
1569105698
1569708537
1570210298
1570355587
1570420388
1571081706
1571385317
1573146390
1573474761
1573785815
1573865040
1573999305
1574127677
1574858858
1575079479
1575385281
1577917725
1578421892
1580550735
1580858711
1581795136
1581856076
1582298493
1585866602
1586634428
1586669939
1587805250
1588369570
1588983276
1589500824
1589620384
1589777189
1590222043
1590430540
1594077376
1594716982
1594878254
1595092741
1595559671
1595589911
1595782543
1595788521
1596394852
1597590120
1598146388
1598675102
1598752753
1599764239
1601036432
1601253221
1602174356
1604346032
1604614316
1604635013
1607061891
1607625549
1607990410
1608163976
1608789320
1609001857
1610400733
1611539617
1612091512
1612190017
1613285128
1613360155
1614333650
1614584045
1614688907
1616351471
1616870138
1617053886
1618470442
1619571083
1621816156
1622556120
1622741381
1622935719
1623528368
1623955065
1626237636
1626648296
1627274445
1627923261
1628057538
1628177158
1629098218
1629141335
1629301856
1629583602
1629921728
1630181945
1630424345
1632368814
1634725830
1635313603
1635527664
1637260105
1638326894
1638418975
1638784674
1639002795
1639258085
1639586316
1640388884
1640914238
1643005058
1643651738
1644198496
1644697294
1644925124
1644956156
1645237292
1645864311
1646686923
1647213842
1647708443
1648036227
1649040728
1649150922
1649238813
1649763266
1650194441
1650336804
1650487706
1650982329
1651007343
1653110250
1653769509
1654218621
1654291353
1655889604
1656678167
1656882924
1657179436
1657286585
1659147179
1659878587
1660903315
1663018348
1664028927
1664568235
1664732582
1666407107
1666735447
1667751923
1667803340
1669398155
1670506177
1671578331
1672156780
1673965332
1677573872
1677821631
1677888793
1678397871
1678921947
1679048605
1679203453
1679417733
1682124604
1682955266
1685266481
1685443787
1685715369
1685755857
1686925015
1687753181
1688186830
1688971303
1689188417
1690965502
1691010468
1691436683
1691806435
1692116115
1692457988
1692554062
1693040852
1693134047
1693318508
1693353122
1693722174
1694242056
1696735202
1697477594
1698711310
1698720197
1699434667
1699680613
1700859234
1701812583
1702058580
1702093509
1703018047
1704215652
1705383206
1705402503
1705527857
1708264316
1708724204
1708893387
1709159055
1710795475
1712492067
1712699204
1713300143
1713308694
1713582195
1714114844
1714367346
1715441241
1716267995
1717133600
1718280995
1720184668
1720993431
1721845775
1723132105
1725521046
1726427900
1726674245
1728484028
1728539228
1729335089
1729511339
1730059142
1732270828
1732479228
1733480743
1736383001
1736830433
1736962472
1737027302
1739129214
1739648643
1744530275
1745762021
1745802572
1745928936
1746511210
1746731529
1747999077
1748481877
1749127128
1749766513
1749830880
1751910678
1752990888
1754182421
1754577579
1755371244
1756490358
1758276561
1759936723
1760785527
1760790104
1761282521
1762201163
1764422260
1764635132
1767212798
1767465514
1769156662
1769991065
1771608407
1772122105
1772150726
1772233437
1772533468
1773043813
1774529318
1774664104
1775180699
1777851695
1779165561
1779329422
1779495223
1779934264
1780090598
1780940732
1782383584
1782617522
1782927911
1783479244
1783692898
1783885948
1784051085
1784125141
1784494491
1784609865
1784683093
1785192120
1786202813
1787374344
1789410862
1790420997
1790614132
1791062822
1792207569
1797262213
1801553150
1802318626
1802497485
1802851258
1803671098
1803774924
1806172782
1807795870
1811677690
1813540032
1814417762
1816089647
1816935319
1817119892
1817548049
1818226086
1818828775
1819330467
1819980596
1821222164
1824895898
1825113358
1826555269
1827452549
1827525258
1827625892
1828227081
1828964738
1829422905
1829697761
1830585102
1830768218
1832463032
1833805834
1834022397
1834230160
1834297713
1834546458
1835584539
1835866089
1839170387
1841660197
1845369706
1846052667
1846215200
1846276520
1847694643
1848296262
1848840787
1849455106
1849712808
1850322271
1850356509
1850892959
1851184994
1852099096
1852663815
1855498533
1856671526
1859411662
1863826464
1864466900
1864979167
1866579764
1866943258
1867488147
1868617388
1869415690
1870657005
1871465972
1872612227
1875106632
1875328112
1875944127
1876043507
1876134082
1876439319
1877224209
1877483771
1877986410
1879012959
1879619019
1880102303
1880411347
1880509837
1882177810
1882539274
1882720129
1883308927
1883565624
1884190579
1884600374
1885477211
1886830249
1886975167
1887323693
1887399451
1888217461
1888383467
1888884662
1889160731
1890009256
1891134286
1891868030
1891959247
1892920593
1893337824
1893791526
1894643354
1894939714
1896090469
1896106184
1896860292
1897322948
1898007424
1898118918
1898488797
1899258935
1899393524
1899593059
1899754250
1901684028
1902451039
1903231936
1903278520
1903617643
1905723688
1906418710
1908533249
1909554295
1910420740
1911491309
1911808936
1912317503
1912412776
1912957407
1914430456
1915388349
1916037847
1916319084
1917373052
1917642695
1918096869
1918195560
1918358236
1919838209
1919974749
1921325610
1921860567
1922077910
1924834236
1925527374
1925874842
1926104244
1927207689
1928824216
1929197612
1929641217
1929807829
1930866211
1930985684
1931793299
1932402914
1932481823
1932689588
1933100549
1933223966
1934565962
1934822029
1935126380
1937464298
1940570724
1942989033
1943591866
1943810628
1943920862
1944273865
1944514275
1945062709
1945827520
1945998688
1948305792
1948918706
1949190364
1952446109
1954026023
1958536475
1958900286
1960886768
1962106621
1962848415
1963062591
1964658051
1965599963
1965895966
1966814461
1968319495
1972812463
1973402861
1976259074
1976273615
1978457366
1978914197
1980124929
1981465858
1981657708
1982074462
1983632740
1985160985
1986039000
1986265151
1986362810
1986442227
1987650422
1987821837
1989312172
1990723079
1991409392
1992728638
1994102171
1994894909
1994931102
1995170736
1995592018
1996055993
1996745060
1997527944
1998071199
1998111251
1998306597
1998718549
1998904876
1999341092
2000073523
2002107795
2003360952
2003488698
2004157037
2005228114
2005728108
2006008905
2007541373
2008309136
2008893558
2009068248
2009616861
2009622888
2010379680
2010858087
2010963287
2011141179
2011766927
2015250999
2019044323
2019141735
2019385406
2019663854
2021073290
2021490336
2021490551
2021853082
2025536657
2025660576
2025772792
2025936146
2026208886
2026797452
2027461399
2029374673
2029906224
2030436474
2030639680
2031888200
2032217756
2032359888
2033223400
2034022621
2034646009
2035423552
2035648615
2036392680
2037378508
2037796948
2039162393
2042108768
2043469856
2043601717
2043918846
2044089105
2044549148
2047488164
2048394342
2048546049
2049273128
2049299873
2049319855
2052797022
2053721107
2054758790
2057348409
2057471517
2058386223
2059675110
2061218088
2062591088
2065899359
2066672043
2067316154
2067658155
2067894535
2067992915
2068247300
2068653068
2069655751
2069965909
2070247564
2070451064
2070662379
2070889954
2072212251
2072773459
2075275613
2075541510
2075545655
2075961256
2076179043
2077790345
2084101804
2084251912
2085103549
2085284394
2085757517
2085841705
2088313357
2088575335
2089168852
2090198765
2090222748
2090460536
2091361975
2091427673
2091991791
2092141037
2092601304
2092652687
2092887797
2094882172
2095280905
2097713105
2099044092
2099369262
2101608560
2101823573
2103823637
2104075758
2104105166
2105828222
2106400043
2107445261
2108033051
2109177016
2110365565
2110870731
2111223285
2111302910
2112217060
2112551858
2112916460
2115165503
2116241830
2117079197
2117222753
2117641504
2120559486
2121466355
2121867378
2124427931
2128298897
2128344321
2128799581
2130609070
2131276702
2131738430
2132599612
2134918555
2135167481
2136476906
2137771843
2140119306
2144295233
2144451051
2145205656
2145413880
