1549510
2105137
3555800
3571532
3727263
4850438
5033364
6149157
7505719
7975887
9655437
9699107
11463008
11708275
12141376
13064314
14101074
14770887
15025056
15549099
16157574
16439451
16589058
17092515
18639195
19106021
19810269
20137249
20961602
21418820
22192817
22334577
22704929
22928541
23738344
23943518
24903282
25651940
25681227
25882342
25933517
26261801
26419402
27704777
28136278
28531995
28644220
29652511
29725297
30299048
30354034
30389819
32154581
32226581
32694364
33558609
34023925
34303794
35903685
36387973
36709931
40907853
41236585
41761947
42361214
43467485
44330156
44684096
46373381
48216865
48342780
49176467
49211492
49227765
50209428
51507765
51543289
52459049
52818969
53745916
55744688
55940712
56358401
58313559
58783812
59753926
62760239
64659960
64685867
65467357
65517316
66227751
67439149
70168232
71145928
71197018
73322675
74154202
74228285
74476427
74694608
74821983
75635434
76216177
79165625
79505570
79727444
81014472
81119022
82267061
82817931
83336204
84107394
84169966
86733472
87605126
89171787
91090252
91325100
92569838
92579799
93508749
94420043
94474649
94712448
95941441
96033968
96208976
96438295
98146315
98803391
100410291
101085331
101500824
101904478
104221452
104227463
104607176
104714080
105192265
106029983
106537194
106581316
106925736
108577845
109121915
109158440
111519799
111832743
113854627
114046401
115369518
115475273
115712769
116482995
116966367
117345561
117859104
118431203
122368977
124967607
125433065
126191056
127283769
129312724
131606884
132336170
133514636
134827493
135047295
136993734
138547784
139072439
139870579
140757003
141576637
141684601
144961498
146097034
146378375
147465894
148592840
149270424
149720052
150096549
150308410
150319732
151524302
152491676
152594939
153631532
153754407
154274431
156113044
156755335
159233484
159267855
160094314
160658206
160856599
161220130
163966792
164049869
164327784
164406731
164696923
164770940
165102186
165787664
165856610
165987198
166155378
166883165
168296021
169578377
170237440
173623378
174125622
174552609
174669909
174770798
176416339
178457135
178535623
178622479
178833508
179421964
179639197
181314660
181681863
182478156
182710886
184453131
185741715
186366711
186839764
189259018
189310822
190022409
190869839
191807365
192678501
194071688
195397628
195432372
198013387
198095956
198200581
199671478
200905712
202851682
204960251
205791151
209953452
210672294
211235016
211724299
211742523
212471455
214189938
214712761
214828059
216427926
216778398
217019373
217069999
217285988
218150456
218604035
219273832
220669344
222434656
222821505
223635123
224102221
224524530
225129529
225963351
226022495
226653892
226891396
227075236
228046668
232010713
233280708
233780518
233927409
234745770
236115628
236214106
236496904
236858293
238206659
238277126
238399011
239057603
240337777
241344730
241601726
243260340
243442703
243665165
244310916
245369799
245630010
247206441
247621297
248233841
250292263
250497157
251013361
253123969
253525640
253535799
253869764
254080110
254219302
254354613
254409858
254799704
255719643
255879843
256538894
256918865
259212174
259313420
259837528
261022645
261038749
262402231
262882537
263075814
265020128
265668015
265885189
266174145
266858960
267148045
268553738
268978436
270079677
271300479
271360701
271458870
272085367
272177134
272916152
273159912
273750576
274964905
275065757
275125957
275270753
276436338
276517359
277352254
277690374
278724447
279781578
280701720
281138420
281536135
282002441
283392022
283806142
284312487
285522675
286215242
286477845
288633317
288990617
289417168
291478258
292208205
292397084
292627400
293389243
293978498
294329242
294640150
296863426
300361883
304417876
304805602
304935737
305352488
307328877
307477359
307655749
307748078
308799098
310694310
311028260
311103690
311362489
312070534
312845878
313326861
313440121
316698553
316800623
317077489
317273380
317626722
318440460
319703982
320204742
320739824
321361215
322386052
322556454
322705279
323584915
326416082
326442793
329741416
330071729
330430005
331538114
332121767
332592984
332941985
333005697
334291281
336359197
337203254
337551475
338767196
339325607
339357275
339366761
340138352
341678719
342557620
343781102
343863433
345723438
345903779
347531182
348072169
348108559
350094087
351907747
352323593
353075137
353143603
354145181
355110681
356495828
357546903
357645297
357741001
357893908
357935090
359111564
359468695
361473108
361814054
363706425
364397923
364410895
364481270
366281737
366537803
366593088
366593137
366681871
368691371
369821539
370357272
370692921
373448136
373706576
373897352
374022030
374461759
376325984
376545838
376929444
378585888
379154924
381357856
382560416
384456388
384850553
385330840
386050596
386465628
388029501
389671241
391469884
392019102
392993013
393501325
393762327
395571278
397822255
398092667
398371283
398473564
398732427
398763393
399270379
399377127
399658750
400155320
403629308
403632917
404051598
404475683
404638948
404664170
404804030
405079330
405684571
406091499
406304739
407035180
407941902
408381066
410497445
411047377
411814246
413342287
415508780
418059500
418278577
418446131
418546214
420853952
420974464
421347611
421900770
423114641
423883996
425464810
428641182
428975273
429478018
430105117
431104447
431119022
432071358
434155398
436039874
438126332
438240626
438461328
438831918
439345352
440129662
440317363
443598216
443716706
443946321
444312220
444839386
444866820
446542331
446596113
446771154
446972062
447903694
448930499
449011526
449584050
451331417
451615050
452074267
452822503
453284867
453872555
453911905
457144101
458344446
458985503
459261342
459848344
460673757
460735524
461243238
462000095
466090927
466191504
467561675
467843423
468049259
468708080
469611663
469815474
471143782
472679304
473208535
474257114
475429203
476182484
478025939
478142599
481707030
481881031
482541699
482599751
482690448
483838555
484466730
485661754
486038322
486678700
487838842
488218656
488564279
488670474
491619846
492052757
493780693
494215062
495784942
497014701
498024874
498492003
499303958
501875691
502359003
503031040
503901937
505208867
505210389
508417515
510593594
510612438
511348809
512271302
512354380
513066728
513076759
514737642
518055284
519411968
520905193
521364918
522078210
522725883
522802279
523850432
524130726
524316199
524717380
532500972
532528836
532800617
533661321
534197931
535161652
537281792
537990021
538232088
538395175
542451461
543541186
544328617
546259064
546825874
548743104
549809601
550095758
550614055
550723538
552009865
553101639
553624128
556141240
556866477
556932147
557101901
557930893
557949902
558351560
558402734
558448204
558868994
559716556
560872778
560918890
561237147
561540641
561614777
561882960
561937129
562541348
563783034
564165604
564748824
564845292
565465881
566133904
566431785
567410393
567456930
567978377
568289259
568741067
569731784
570670527
571281128
572137636
573217773
573617234
575471590
576614693
577096896
578515264
578542094
578780262
580341042
581670244
584146865
586754684
588354699
588712959
589768131
590114064
591078324
591099256
592150056
593646737
594044548
594240352
596002462
597439355
598568574
599208394
599243163
599530257
600104504
602070948
602941644
603492778
605565521
607076552
608336481
609455237
609540026
610457149
611161235
611491990
611625553
613678358
616265359
617660653
620624021
621667593
622869965
623804892
624499974
624818148
624886368
625554765
626088189
627428269
628112684
628546699
630633327
631042187
631467201
633108060
634344634
634588139
635166555
635509510
635860763
635924001
635985399
637062298
638107401
638302459
638870249
639041632
639714157
640920009
641648087
641901802
642526505
643158788
644983393
645414602
646653004
648678550
648911708
649554422
650026836
650094488
651195981
652667304
652934919
652943947
652962224
653154555
653821668
654879840
655320811
656346186
658109824
658435528
660640503
661446006
663031892
664068227
664482642
665466408
665940690
667375753
667591537
667967437
668149626
669326814
669478530
672133092
672254904
672936590
673168844
674789496
675354387
675585459
675615085
676770251
676802164
677017346
677030503
677455121
678997319
679113544
679435056
679814927
680891201
681386876
681901748
681920964
683011353
685483349
687508283
687594561
687666619
688911598
690272489
691222953
691804318
693368007
695838457
696195653
696632137
698377756
699300914
699671787
700134716
700256906
701266554
701588357
701806566
702523886
703266990
703926685
704338853
705266598
706455448
707565654
708484976
709888563
710015462
710192578
710721998
710976028
712307925
713378165
714314123
715622695
715784576
716458699
716969705
717499588
718099249
719683831
720380496
721241759
726344060
727100556
727137245
728073541
728814720
731515249
732175687
732564197
733455034
734216827
736767991
738246028
738492198
739073830
739859395
739931689
740066593
740133501
741808434
745099241
746206370
748357434
748877573
749242848
749322988
749661851
750091566
751719127
752404670
752854639
754257961
754659496
755324574
755643678
756851755
757905233
757916901
760872464
761279121
761436025
761643175
762081487
764202123
764736360
764767716
764794405
768583368
768596093
768806515
769677807
770336979
771801586
772448456
772657416
774654627
774973835
775643203
776935977
777359864
777441225
777488773
777826824
778893173
780117274
783294711
783924377
785484864
786661958
786971901
787091692
787395347
788150815
788707344
788950471
790535487
791076804
791083137
791743659
792221707
793747072
793876130
794008740
796993537
797160302
797270885
797911792
798007879
798091778
798347719
798775225
801680498
802815468
804813807
805339674
807871308
808812645
808869286
809305077
809665390
809997349
811230103
812457817
812643780
813126356
813687572
813732322
815279854
815332519
817003557
817503974
818977775
820361963
820447759
822217242
822370836
823441103
823701771
826728626
827521534
828665198
829417450
829987959
831297689
832993234
834269493
834738115
835324980
838386175
839161674
840493455
842619131
843775619
844699279
844809989
844869516
845035698
846936020
848538579
848929823
849432042
849834855
850159032
850259211
851114601
851213937
851827340
852508642
852544290
853035998
853083250
855627858
855631697
855891734
855958400
856966128
859813771
861221490
862788585
867845520
868350218
868983602
869877204
870272643
870807246
873115515
874829384
875469936
875752951
877092665
878115994
878884256
879449525
881235562
881884869
882119092
882377618
884868336
886008053
887072294
887487620
890458307
890551275
890874025
890943281
891242190
892809321
894114706
896516787
896669678
897859360
898354290
898578373
898603429
899914891
901311075
902586148
902688356
903595064
904578108
904955568
905142895
908983366
909033612
909555047
909562388
909636779
911112168
911913898
912408581
914502346
914792234
915224810
916905403
917026184
918497610
918751688
920049674
920676950
920806536
920839858
921400121
922025861
922253847
922883980
923522455
925476631
925613981
926291230
927899926
928108177
928142166
931135900
931271313
932530891
933957009
934461652
935052146
935506271
935549390
935810210
937788167
938934319
939018572
941789444
942946119
943930771
944896505
946869803
947954100
948702070
949781874
950370764
952767002
953158556
954189424
955141955
956725043
958441789
958452613
959356102
960874575
962255196
963668423
964577312
964650093
965021658
965173804
965191277
967042807
967404280
968801803
969720703
971313967
971709437
971852555
971970607
972457427
973520148
974644042
974714611
976069150
976635374
976873953
977246193
980203741
980474002
981044503
981215574
981290531
982339527
983816785
984745331
984944222
986340157
987377103
987815654
991766400
992718593
994040661
995220372
996744478
996817168
998138123
999573384
1000624632
1003416862
1004585566
1004829098
1005158917
1006017910
1006172014
1006188196
1006288240
1007180004
1012037170
1013139611
1013825479
1014164040
1015633459
1016833856
1018191022
1018411167
1018693048
1019218387
1019788264
1021963105
1023582503
1024474549
1027858276
1028286840
1029364482
1029757918
1029765384
1031014124
1031143776
1031486663
1034581607
1034598896
1035476627
1035662171
1037578337
1038328239
1039764583
1039978368
1040841147
1041193717
1041585411
1041965307
1042065341
1043460326
1044513528
1044774819
1044955256
1045050213
1045315814
1045806396
1047416130
1048708387
1050661612
1051549797
1052696124
1053352635
1053898013
1055205935
1055618025
1055931697
1056295646
1056359187
1056479182
1058178141
1059137875
1059205002
1060944999
1063569488
1064690892
1065219940
1067487495
1068789878
1069182839
1069195344
1069456299
1070236612
1071305538
1071875789
1072562841
1072848328
1073493917
1074995087
1075315037
1076675212
1076763379
1076783995
1077412591
1079108819
1079266607
1080138849
1081191186
1081411189
1082845323
1084577330
1087097014
1088178521
1088367619
1088839489
1089886848
1091992383
1092006843
1092165319
1094327105
1095006839
1095591521
1096122050
1098671636
1101504467
1101888227
1102743009
1102872788
1103012277
1103751824
1104155687
1105939830
1107351354
1107920829
1108042759
1108827694
1109729808
1110318049
1110998255
1111774759
1111838409
1111969353
1114306949
1116286463
1116501570
1117184422
1117955630
1118295529
1118897905
1119200013
1119337931
1119989563
1120388151
1121215350
1121966709
1123610662
1123816271
1124411675
1125006866
1127173273
1127414848
1128073274
1128672017
1129199597
1129947465
1130045626
1131005196
1131897995
1133102886
1133501423
1133808877
1134017714
1134328502
1134565716
1135540271
1136424165
1139868835
1140950363
1141200775
1141425701
1142052021
1142269611
1145215874
1153284214
1153377687
1153588783
1153622025
1153691134
1154647583
1155087740
1156767098
1156799658
1157150066
1158267777
1159683749
1160697350
1161380283
1161424474
1163684440
1163873630
1164139465
1164583102
1164826923
1165106551
1165348104
1165611016
1165824188
1166838444
1167884717
1168268480
1168492674
1169071859
1169910953
1170220988
1170594861
1172975818
1175348051
1175429446
1175700264
1176312383
1177109863
1178238499
1180373724
1180902296
1183888068
1183919905
1184926194
1187280539
1188053770
1188209031
1189095421
1189266246
1189692719
1190918487
1191085377
1191550136
1191609404
1192827834
1193199973
1193561144
1194268171
1194290346
1195643481
1195780573
1195918159
1196164309
1196287540
1196518551
1197181146
1197276401
1197429611
1197656642
1198351767
1198585078
1198923287
1200435616
1200605586
1201537563
1201671816
1203301660
1205852212
1206528696
1206868484
1207708351
1207817786
1208745502
1209408173
1209512051
1209613445
1210143711
1210266501
1210771070
1211663771
1212132919
1212591658
1213692409
1214469533
1214493230
1214783374
1214790652
1215112157
1215159360
1216349218
1216611959
1217824594
1218369474
1218389849
1218441625
1218830579
1219790292
1220318642
1220396057
1221106912
1221703748
1222035158
1222264298
1222295314
1222446892
1223053525
1223367914
1223466090
1223614519
1223762117
1224163431
1224422546
1225002772
1225444899
1225500277
1225655713
1225858169
1226010043
1227253014
1227926665
1228808635
1229336138
1229422182
1229869437
1230632259
1236698817
1237061223
1238086241
1241036518
1241458204
1241945598
1246301300
1247720106
1248035850
1248449515
1249323782
1249386808
1249391595
1250700224
1251033342
1251088825
1251851471
1251910656
1252172725
1253292087
1254720861
1254916898
1255214315
1255242242
1257699217
1257994878
1258008210
1258450531
1258529465
1258745832
1260516263
1263069155
1264420017
1265564229
1265570652
1266110509
1266153009
1266285033
1266715391
1267381199
1269361934
1270224461
1270307815
1270805773
1270864285
1272185711
1272192168
1272241730
1272407246
1273032543
1273291896
1277460323
1277882123
1278214121
1280710076
1282199081
1285020176
1285020815
1285872769
1286382701
1287884334
1289557913
1289797143
1290720989
1290726761
1290971217
1291317179
1292039807
1292059043
1292785480
1294343527
1294596692
1294759059
1294886198
1295018969
1295029585
1295128986
1295868546
1296576845
1297178369
1297334698
1297511425
1297673379
1297688984
1298702336
1301334632
1301766003
1301976815
1303049348
1303875758
1304722984
1305397330
1305654322
1306129779
1306351114
1306867959
1307122138
1307511971
1311139500
1311561628
1312143544
1312487674
1313051166
1313847902
1315715270
1316051602
1316058800
1316140682
1316220538
1316354307
1317220177
1317840432
1317922089
1319374589
1319410367
1319423146
1319703723
1320167288
1320386039
1322365656
1322620236
1323748126
1324033183
1326319589
1327506547
1330660158
1330971939
1331285338
1332070155
1332514690
1333166462
1333226383
1334355458
1334364888
1334852636
1335624980
1338439709
1338746309
1339652003
1342626511
1344047638
1345759252
1345988654
1346958929
1347042784
1347243053
1347412301
1347454845
1347930429
1348120586
1349116933
1349221196
1349403681
1349626813
1349899619
1350204060
1351107613
1351122458
1351339874
1351971312
1352050445
1353285059
1353600096
1353860714
1354083368
1355592524
1355820245
1356035744
1356799901
1357422066
1357888771
1357986186
1359329262
1361383478
1363573700
1363816527
1364180499
1365520238
1366417106
1367590204
1367623750
1367960852
1368927688
1369663225
1370021795
1371299299
1373856166
1375112620
1375250997
1375440134
1375578393
1375993604
1376331213
1376415672
1376749466
1377049663
1378008442
1379456101
1381667775
1381866625
1381986878
1382675014
1383610412
1383743482
1383842802
1384025267
1385810006
1386564454
1386900515
1387927695
1387946085
1389774893
1390361779
1391506734
1391582553
1391685580
1392488883
1393620664
1393902231
1394355983
1394485298
1394507916
1395674719
1396231423
1397703326
1398391327
1398737816
1399346830
1399705676
1400443875
1400716461
1401133627
1404726979
1406111257
1407198024
1407432917
1407780145
1407917115
1409805038
1410293846
1410729909
1410916819
1413733389
1416145566
1417254755
1418552665
1419041742
1419240360
1419991012
1421007951
1421131437
1421478397
1422055247
1422364919
1424147786
1424365342
1424749977
1425694762
1426433762
1428007770
1428355242
1431352099
1433301592
1433488812
1433644669
1434884520
1437614656
1438154835
1440996869
1441315650
1441681606
1442048697
1442817840
1443892614
1445709516
1447210779
1448656548
1449786300
1452166876
1452625077
1454428733
1456155584
1456764819
1457161425
1459177357
1459736536
1460025805
1461487254
1462361856
1463927024
1463982284
1464280969
1464368221
1465104256
1465143486
1467143043
1467822873
1468121500
1469494341
1472992832
1473706718
1474199540
1474369705
1475432338
1476757519
1476908271
1478043265
1478448227
1479711440
1480403839
1480421133
1481312729
1482295937
1482790108
1482870391
1483886915
1484435705
1484650692
1486402450
1486770985
1487312638
1488461010
1488728437
1489022529
1489183925
1489308851
1489330564
1490493665
1490558739
1490571440
1491218723
1493007110
1493228363
1493673662
1493862803
1494019272
1494554535
1494899670
1495061625
1497005941
1497917883
1498448553
1498482105
1498727277
1499259821
1499745074
1500913606
1501480017
1502161696
1502331052
1502576947
1504635492
1507997448
1508362839
1509630305
1509913550
1510590139
1511997811
1513526164
1514143611
1515157779
1516351573
1516976576
1520305522
1521221963
1522200363
1522440388
1523622226
1523808447
1524010034
1524031550
1524946518
1525298473
1528442149
1529375590
1531293275
1531436129
1531648130
1532008445
1532125180
1532559883
1533561234
1535474299
1535639708
1536330711
1537790564
1538905976
1540830679
1541517176
1541735804
1541754049
1542884090
1543767744
1543884792
1545142555
1546557441
1548075514
1551789034
1552836780
1554037151
1554269954
1554572607
1555318730
1556158025
1557338338
1557541901
1558247061
1558300239
1558562947
1560111075
1560637874
1561272537
1561503777
1562149272
1562974482
1563049416
1565034987
1565544993
1565906205
1567606120
1567690100
1569618205
1571014161
1571127878
1571273366
1571469673
1572287007
1572653896
1573941140
1574257146
1574958243
1575144381
1575473963
1575594104
1576843576
1576941289
1577335052
1578489610
1581811262
1582107053
1582347013
1582448760
1584296513
1584697579
1585636116
1586485060
1587101039
1589950735
1590678170
1591692923
1592793771
1593778508
1594662994
1594927104
1595299266
1596578729
1596973455
1597018403
1598024146
1598757606
1600923103
1601297685
1601530098
1601657269
1602112591
1602188478
1602715433
1602750989
1603342110
1603349227
1603894055
1603958898
1606316749
1606449018
1606557844
1607493892
1607774757
1608639726
1609429518
1609637695
1611258276
1612450608
1612551056
1614495061
1615422288
1616811452
1618258506
1618341765
1618421058
1618883841
1619208471
1619224658
1619319421
1619458363
1620796530
1621323901
1621457007
1622078089
1625275284
1626602700
1626961922
1627351618
1627426618
1627801422
1627901310
1628664210
1629151231
1631584383
1631584541
1631588239
1633579448
1635028969
1635476053
1637509140
1637655811
1641638455
1642211030
1643014160
1645359610
1645555514
1645595339
1646116525
1647117765
1648368750
1651051357
1653855414
1655963931
1655994021
1656066527
1658928288
1659423862
1659469538
1661393266
1661963964
1662888615
1664261407
1664325161
1665258458
1666771690
1668679345
1670799579
1672539393
1672570285
1672953659
1673767383
1675687319
1676279855
1677656308
1677946127
1678076246
1679512504
1680051063
1680363512
1680614956
1682390016
1683292656
1685704521
1687615169
1689661861
1692125056
1695783918
1697242763
1698227522
1698996320
1700805658
1701094399
1701927800
1702249989
1702470609
1704322170
1704588767
1705699926
1706665191
1709002995
1709234596
1709433986
1709809226
1710203015
1712252769
1712493017
1713700328
1713891567
1714107802
1715042669
1715451072
1716571101
1716816500
1717042589
1717622403
1718958285
1720086728
1720193816
1720488270
1721659563
1722444493
1724297731
1724305218
1725085758
1725393785
1726429773
1726900689
1727916481
1728984440
1729384960
1730743932
1732531928
1732982303
1733303803
1735050405
1736393241
1740120174
1740638829
1741277744
1744555730
1745280658
1746634155
1747977320
1748198719
1750388287
1751782591
1754938706
1755381033
1756501404
1756749901
1756866075
1758840861
1759506325
1762106329
1762746803
1764717946
1765054238
1765154024
1766149071
1766165092
1766292695
1766789385
1766898278
1768219789
1768255090
1768764476
1769330816
1769472510
1772564750
1774139258
1774357206
1775883265
1777144635
1778092425
1780838495
1786298125
1786463760
1787094741
1788632020
1788635921
1789226350
1793075901
1793655033
1793845563
1793905750
1796176340
1797202730
1797595288
1798947800
1800273444
1801433958
1802138366
1802655124
1802692905
1803180013
1803842307
1806058059
1806451130
1806600967
1809125129
1809631513
1809650557
1810447524
1810550133
1810619914
1810816383
1810826111
1811127229
1811130407
1813991478
1814616491
1815758256
1815838410
1816076414
1816630951
1819346133
1819598459
1821692662
1823168972
1823582869
1824613187
1824912942
1825480337
1827081039
1827082037
1831141453
1831693084
1833947477
1834491609
1836471136
1838400932
1842473515
1843072612
1843472775
1844063963
1844908608
1845659160
1847545482
1848239980
1848473281
1848596620
1848752643
1849242542
1850138796
1850608314
1853179564
1854114955
1854240325
1855218630
1855380414
1855701683
1856578888
1856868501
1856912751
1857408330
1858315499
1858331493
1858790350
1860530777
1861721345
1862074816
1862388209
1862476298
1862788045
1862973708
1863917566
1864483032
1864695145
1864794238
1866711962
1866942015
1867409993
1869312694
1871365873
1872204494
1875282360
1875575169
1876666630
1877261649
1877448881
1878650382
1878726283
1879200730
1880024243
1880212521
1880258521
1880805132
1880908937
1883166449
1884288377
1884594774
1886120138
1886485838
1887425872
1887651989
1888603522
1888897606
1890235147
1890342662
1890417877
1890473294
1890840370
1893289887
1893367570
1893671052
1893817950
1894671331
1895453012
1895965138
1896477524
1897799414
1898300393
1898692891
1899606676
1900898865
1901811794
1902252733
1902759783
1902963400
1903514656
1903685583
1904347899
1904367382
1906951235
1907127236
1909959901
1910305160
1910335230
1910433117
1910875565
1913509723
1913904516
1914058581
1914271585
1914401454
1915821510
1916167572
1917200872
1921005433
1921683128
1922478442
1923617671
1925811915
1926101608
1928374637
1931493548
1933624269
1933628374
1934242469
1934743539
1935456819
1938033639
1938919623
1941453125
1941516960
1943254776
1943586924
1944391532
1944421728
1944520583
1945843064
1947018202
1947191834
1950061030
1952308393
1952335060
1952401887
1952468092
1952859725
1953229103
1953614718
1955295113
1956977857
1957669991
1957985129
1958123631
1961105402
1962175391
1962584007
1962643143
1965259989
1967630363
1967698354
1968796424
1968917611
1969262567
1970905264
1971886779
1972817953
1973673773
1973877620
1975541654
1975658748
1976719020
1977244453
1977853287
1978173031
1978919853
1980156611
1981239841
1982181232
1983070670
1983582691
1983701282
1985068317
1986694871
1987149715
1987484795
1988642138
1989327043
1989603844
1991065505
1992741279
1993336272
1993766044
1993803017
1995110159
1995678517
1996001028
1996392492
1997347092
1997815001
1998167980
1998257487
1999695499
2000374753
2001241673
2001335579
2001611340
2002008588
2004358154
2004923629
2005593713
2005841452
2006503973
2007949586
2010627276
2010830666
2011768843
2012343581
2013203296
2014070162
2014435004
2016058785
2016073406
2016102290
2016105326
2016329862
2017199954
2017644843
2017806566
2018305321
2018988285
2019843144
2019843471
2021144194
2022019513
2024225400
2025284615
2025980954
2027632878
2030395903
2033158460
2033730510
2033798461
2034310917
2034576100
2035548528
2037325095
2037415711
2039203288
2040367572
2041723978
2041759607
2044709077
2046726553
2047459833
2047976127
2049429524
2051518003
2051792022
2052562420
2053169154
2053535072
2053878423
2054562456
2057825533
2058186158
2058814295
2059829219
2059893172
2060887652
2060967021
2060984115
2061972718
2062051352
2062639385
2063081249
2063165456
2063997532
2065210587
2065551136
2066072661
2066177572
2066483200
2067130270
2067735931
2069015844
2069759891
2071378301
2072032828
2072466820
2072618892
2073740582
2077133352
2077991366
2078760949
2080114299
2081367491
2082140247
2082363512
2083690063
2084346195
2085860659
2086435901
2087278107
2088079041
2088748625
2088774579
2089831273
2090894509
2092125890
2092588113
2093133431
2096043157
2096212068
2097462833
2097521300
2099504319
2102487817
2106546636
2106919786
2107007352
2107346061
2109098775
2109463023
2111414635
2111540957
2112862269
2112888237
2113044256
2113771664
2114806370
2114962497
2117022318
2118747547
2119424534
2120204093
2120970897
2121387278
2122894069
2123299774
2123987249
2124196283
2124295413
2124550027
2125203474
2126600798
2127109667
2127620227
2128249354
2128398416
2128797937
2129614876
2129616812
2131826037
2132064540
2134189540
2134220488
2134636853
2134897786
2137479467
2137817849
2138545397
2139602598
2140043630
2140351236
2141688317
2142745230
2142898298
2143102823
2143734525
2144834464
2145533466
2146306360
2146412108
